List of parameters
---------------------------
idx: 0
 name :			 init_val 			 min 			 max 			 fixed 
Ampl_0			5.000000e-01		0.000000e+00		1.000000e+00		0
Mean_0			1.217817e+02		1.167817e+02		1.267817e+02		0
Sigma_0			1.000000e+00		5.000000e-01		4.000000e+00		0
Tau_0			1.300000e+00		1.000000e-03		1.000000e+01		0
Ampl_1			5.000000e-01		0.000000e+00		1.000000e+00		0
Mean_1			1.256900e+02		1.206900e+02		1.306900e+02		0
Sigma_1			1.000000e+00		5.000000e-01		4.000000e+00		0
Tau_1			1.300000e+00		1.000000e-03		1.000000e+01		0
		0.000000e+00		0.000000e+00		0.000000e+00		0
	0.000000e+00		0.000000e+00		0.000000e+00		0
min_max			1.067817e+02		1.406900e+02
---------------------------
idx: 1
 name :			 init_val 			 min 			 max 			 fixed 
Ampl_0			5.000000e-01		0.000000e+00		1.000000e+00		0
Mean_0			2.446975e+02		2.396975e+02		2.496975e+02		0
Sigma_0			1.000000e+00		5.000000e-01		4.000000e+00		0
Tau_0			1.300000e+00		1.000000e-03		1.000000e+01		0
		0.000000e+00		0.000000e+00		0.000000e+00		0
	0.000000e+00		0.000000e+00		0.000000e+00		0
min_max			2.416975e+02		2.596975e+02
---------------------------
idx: 2
 name :			 init_val 			 min 			 max 			 fixed 
Ampl_0			5.000000e-01		0.000000e+00		1.000000e+00		0
Mean_0			2.959392e+02		2.909392e+02		3.009392e+02		0
Sigma_0			1.000000e+00		5.000000e-01		4.000000e+00		0
Tau_0			1.300000e+00		1.000000e-03		1.000000e+01		0
		0.000000e+00		0.000000e+00		0.000000e+00		0
	0.000000e+00		0.000000e+00		0.000000e+00		0
min_max			2.809392e+02		3.109392e+02
---------------------------
idx: 3
 name :			 init_val 			 min 			 max 			 fixed 
Ampl_0			5.000000e-01		0.000000e+00		1.000000e+00		0
Mean_0			3.294250e+02		3.244250e+02		3.344250e+02		0
Sigma_0			1.000000e+00		5.000000e-01		4.000000e+00		0
Tau_0			1.300000e+00		1.000000e-03		1.000000e+01		0
Ampl_1			5.000000e-01		0.000000e+00		1.000000e+00		0
Mean_1			3.305400e+02		3.255400e+02		3.355400e+02		0
Sigma_1			1.000000e+00		5.000000e-01		4.000000e+00		0
Tau_1			1.300000e+00		1.000000e-03		1.000000e+01		0
		0.000000e+00		0.000000e+00		0.000000e+00		0
	0.000000e+00		0.000000e+00		0.000000e+00		0
min_max			3.144250e+02		3.355400e+02
---------------------------
idx: 4
 name :			 init_val 			 min 			 max 			 fixed 
Ampl_0			5.000000e-01		0.000000e+00		1.000000e+00		0
Mean_0			3.442785e+02		3.392785e+02		3.492785e+02		0
Sigma_0			1.000000e+00		5.000000e-01		4.000000e+00		0
Tau_0			1.300000e+00		1.000000e-03		1.000000e+01		0
		0.000000e+00		0.000000e+00		0.000000e+00		0
	0.000000e+00		0.000000e+00		0.000000e+00		0
min_max			3.292785e+02		3.592785e+02
---------------------------
idx: 5
 name :			 init_val 			 min 			 max 			 fixed 
Ampl_0			5.000000e-01		0.000000e+00		1.000000e+00		0
Mean_0			3.677887e+02		3.627887e+02		3.727887e+02		0
Sigma_0			1.000000e+00		5.000000e-01		4.000000e+00		0
Tau_0			1.300000e+00		1.000000e-03		1.000000e+01		0
		0.000000e+00		0.000000e+00		0.000000e+00		0
	0.000000e+00		0.000000e+00		0.000000e+00		0
min_max			3.567887e+02		3.827887e+02
---------------------------
idx: 6
 name :			 init_val 			 min 			 max 			 fixed 
Ampl_0			5.000000e-01		0.000000e+00		1.000000e+00		0
Mean_0			4.111163e+02		4.061163e+02		4.161163e+02		0
Sigma_0			1.000000e+00		5.000000e-01		4.000000e+00		0
Tau_0			1.300000e+00		1.000000e-03		1.000000e+01		0
Ampl_1			5.000000e-01		0.000000e+00		1.000000e+00		0
Mean_1			4.160480e+02		4.110480e+02		4.210480e+02		0
Sigma_1			1.000000e+00		5.000000e-01		4.000000e+00		0
Tau_1			1.300000e+00		1.000000e-03		1.000000e+01		0
		0.000000e+00		0.000000e+00		0.000000e+00		0
	0.000000e+00		0.000000e+00		0.000000e+00		0
min_max			3.961163e+02		4.310480e+02
---------------------------
idx: 7
 name :			 init_val 			 min 			 max 			 fixed 
Ampl_0			5.000000e-01		0.000000e+00		1.000000e+00		0
Mean_0			4.439600e+02		4.389600e+02		4.489600e+02		0
Sigma_0			1.000000e+00		5.000000e-01		4.000000e+00		0
Tau_0			1.300000e+00		1.000000e-03		1.000000e+01		0
Ampl_1			5.000000e-01		0.000000e+00		1.000000e+00		0
Mean_1			4.439650e+02		4.389650e+02		4.489650e+02		0
Sigma_1			1.000000e+00		5.000000e-01		4.000000e+00		0
Tau_1			1.300000e+00		1.000000e-03		1.000000e+01		0
		0.000000e+00		0.000000e+00		0.000000e+00		0
	0.000000e+00		0.000000e+00		0.000000e+00		0
min_max			4.289600e+02		4.589650e+02
---------------------------
idx: 8
 name :			 init_val 			 min 			 max 			 fixed 
Ampl_0			5.000000e-01		0.000000e+00		1.000000e+00		0
Mean_0			4.886792e+02		4.836792e+02		4.936792e+02		0
Sigma_0			1.000000e+00		5.000000e-01		4.000000e+00		0
Tau_0			1.300000e+00		1.000000e-03		1.000000e+01		0
Ampl_1			5.000000e-01		0.000000e+00		1.000000e+00		0
Mean_1			4.935080e+02		4.885080e+02		4.985080e+02		0
Sigma_1			1.000000e+00		5.000000e-01		4.000000e+00		0
Tau_1			1.300000e+00		1.000000e-03		1.000000e+01		0
Ampl_2			5.000000e-01		0.000000e+00		1.000000e+00		0
Mean_2			4.940000e+02		4.890000e+02		4.990000e+02		0
Sigma_2			1.000000e+00		5.000000e-01		4.000000e+00		0
Tau_2			1.300000e+00		1.000000e-03		1.000000e+01		0
Ampl_3			5.000000e-01		0.000000e+00		1.000000e+00		0
Mean_3			4.963900e+02		4.913900e+02		5.013900e+02		0
Sigma_3			1.000000e+00		5.000000e-01		4.000000e+00		0
Tau_3			1.300000e+00		1.000000e-03		1.000000e+01		0
Ampl_4			5.000000e-01		0.000000e+00		1.000000e+00		0
Mean_4			4.963900e+02		4.913900e+02		5.013900e+02		0
Sigma_4			1.000000e+00		5.000000e-01		4.000000e+00		0
Tau_4			1.300000e+00		1.000000e-03		1.000000e+01		0
		0.000000e+00		0.000000e+00		0.000000e+00		0
	0.000000e+00		0.000000e+00		0.000000e+00		0
min_max			4.736792e+02		5.003900e+02
---------------------------
idx: 9
 name :			 init_val 			 min 			 max 			 fixed 
Ampl_0			5.000000e-01		0.000000e+00		1.000000e+00		0
Mean_0			5.034740e+02		4.984740e+02		5.084740e+02		0
Sigma_0			1.000000e+00		5.000000e-01		4.000000e+00		0
Tau_0			1.300000e+00		1.000000e-03		1.000000e+01		0
		0.000000e+00		0.000000e+00		0.000000e+00		0
	0.000000e+00		0.000000e+00		0.000000e+00		0
min_max			5.004740e+02		5.064740e+02
---------------------------
idx: 10
 name :			 init_val 			 min 			 max 			 fixed 
Ampl_0			5.000000e-01		0.000000e+00		1.000000e+00		0
Mean_0			5.639900e+02		5.589900e+02		5.689900e+02		0
Sigma_0			1.000000e+00		5.000000e-01		4.000000e+00		0
Tau_0			1.300000e+00		1.000000e-03		1.000000e+01		0
Ampl_1			5.000000e-01		0.000000e+00		1.000000e+00		0
Mean_1			5.664300e+02		5.614300e+02		5.714300e+02		0
Sigma_1			1.000000e+00		5.000000e-01		4.000000e+00		0
Tau_1			1.300000e+00		1.000000e-03		1.000000e+01		0
Ampl_2			5.000000e-01		0.000000e+00		1.000000e+00		0
Mean_2			5.716000e+02		5.666000e+02		5.766000e+02		0
Sigma_2			1.000000e+00		5.000000e-01		4.000000e+00		0
Tau_2			1.300000e+00		1.000000e-03		1.000000e+01		0
		0.000000e+00		0.000000e+00		0.000000e+00		0
	0.000000e+00		0.000000e+00		0.000000e+00		0
min_max			5.489900e+02		5.766000e+02
---------------------------
idx: 11
 name :			 init_val 			 min 			 max 			 fixed 
Ampl_0			5.000000e-01		0.000000e+00		1.000000e+00		0
Mean_0			5.862648e+02		5.812648e+02		5.912648e+02		0
Sigma_0			1.000000e+00		5.000000e-01		4.000000e+00		0
Tau_0			1.300000e+00		1.000000e-03		1.000000e+01		0
		0.000000e+00		0.000000e+00		0.000000e+00		0
	0.000000e+00		0.000000e+00		0.000000e+00		0
min_max			5.712648e+02		6.012648e+02
---------------------------
idx: 12
 name :			 init_val 			 min 			 max 			 fixed 
Ampl_0			5.000000e-01		0.000000e+00		1.000000e+00		0
Mean_0			6.564870e+02		6.514870e+02		6.614870e+02		0
Sigma_0			1.000000e+00		5.000000e-01		4.000000e+00		0
Tau_0			1.300000e+00		1.000000e-03		1.000000e+01		0
		0.000000e+00		0.000000e+00		0.000000e+00		0
	0.000000e+00		0.000000e+00		0.000000e+00		0
min_max			6.504870e+02		6.634870e+02
---------------------------
idx: 13
 name :			 init_val 			 min 			 max 			 fixed 
Ampl_0			5.000000e-01		0.000000e+00		1.000000e+00		0
Mean_0			6.746750e+02		6.696750e+02		6.796750e+02		0
Sigma_0			1.000000e+00		5.000000e-01		4.000000e+00		0
Tau_0			1.300000e+00		1.000000e-03		1.000000e+01		0
Ampl_1			5.000000e-01		0.000000e+00		1.000000e+00		0
Mean_1			6.751000e+02		6.701000e+02		6.801000e+02		0
Sigma_1			1.000000e+00		5.000000e-01		4.000000e+00		0
Tau_1			1.300000e+00		1.000000e-03		1.000000e+01		0
Ampl_2			5.000000e-01		0.000000e+00		1.000000e+00		0
Mean_2			6.786230e+02		6.736230e+02		6.836230e+02		0
Sigma_2			1.000000e+00		5.000000e-01		4.000000e+00		0
Tau_2			1.300000e+00		1.000000e-03		1.000000e+01		0
Ampl_3			5.000000e-01		0.000000e+00		1.000000e+00		0
Mean_3			6.833200e+02		6.783200e+02		6.883200e+02		0
Sigma_3			1.000000e+00		5.000000e-01		4.000000e+00		0
Tau_3			1.300000e+00		1.000000e-03		1.000000e+01		0
Ampl_4			5.000000e-01		0.000000e+00		1.000000e+00		0
Mean_4			6.866100e+02		6.816100e+02		6.916100e+02		0
Sigma_4			1.000000e+00		5.000000e-01		4.000000e+00		0
Tau_4			1.300000e+00		1.000000e-03		1.000000e+01		0
Ampl_5			5.000000e-01		0.000000e+00		1.000000e+00		0
Mean_5			6.886700e+02		6.836700e+02		6.936700e+02		0
Sigma_5			1.000000e+00		5.000000e-01		4.000000e+00		0
Tau_5			1.300000e+00		1.000000e-03		1.000000e+01		0
		0.000000e+00		0.000000e+00		0.000000e+00		0
	0.000000e+00		0.000000e+00		0.000000e+00		0
min_max			6.596750e+02		7.036700e+02
---------------------------
idx: 14
 name :			 init_val 			 min 			 max 			 fixed 
Ampl_0			5.000000e-01		0.000000e+00		1.000000e+00		0
Mean_0			7.193490e+02		7.143490e+02		7.243490e+02		0
Sigma_0			1.000000e+00		5.000000e-01		4.000000e+00		0
Tau_0			1.300000e+00		1.000000e-03		1.000000e+01		0
		0.000000e+00		0.000000e+00		0.000000e+00		0
	0.000000e+00		0.000000e+00		0.000000e+00		0
min_max			7.163490e+02		7.243490e+02
---------------------------
idx: 15
 name :			 init_val 			 min 			 max 			 fixed 
Ampl_0			5.000000e-01		0.000000e+00		1.000000e+00		0
Mean_0			7.649000e+02		7.599000e+02		7.699000e+02		0
Sigma_0			1.000000e+00		5.000000e-01		4.000000e+00		0
Tau_0			1.300000e+00		1.000000e-03		1.000000e+01		0
Ampl_1			5.000000e-01		0.000000e+00		1.000000e+00		0
Mean_1			7.689440e+02		7.639440e+02		7.739440e+02		0
Sigma_1			1.000000e+00		5.000000e-01		4.000000e+00		0
Tau_1			1.300000e+00		1.000000e-03		1.000000e+01		0
		0.000000e+00		0.000000e+00		0.000000e+00		0
	0.000000e+00		0.000000e+00		0.000000e+00		0
min_max			7.499000e+02		7.719440e+02
---------------------------
idx: 16
 name :			 init_val 			 min 			 max 			 fixed 
Ampl_0			5.000000e-01		0.000000e+00		1.000000e+00		0
Mean_0			7.789040e+02		7.739040e+02		7.839040e+02		0
Sigma_0			1.000000e+00		5.000000e-01		4.000000e+00		0
Tau_0			3.300000e+00		1.000000e-03		1.000000e+01		0
		0.000000e+00		0.000000e+00		0.000000e+00		0
	0.000000e+00		0.000000e+00		0.000000e+00		0
min_max			7.639040e+02		7.939040e+02
---------------------------
idx: 17
 name :			 init_val 			 min 			 max 			 fixed 
Ampl_0			5.000000e-01		0.000000e+00		1.000000e+00		0
Mean_0			8.104510e+02		8.054510e+02		8.154510e+02		0
Sigma_0			1.000000e+00		5.000000e-01		4.000000e+00		0
Tau_0			1.300000e+00		1.000000e-03		1.000000e+01		0
		0.000000e+00		0.000000e+00		0.000000e+00		0
	0.000000e+00		0.000000e+00		0.000000e+00		0
min_max			8.014510e+02		8.254510e+02
---------------------------
idx: 18
 name :			 init_val 			 min 			 max 			 fixed 
Ampl_0			5.000000e-01		0.000000e+00		1.000000e+00		0
Mean_0			8.415700e+02		8.365700e+02		8.465700e+02		0
Sigma_0			1.000000e+00		5.000000e-01		4.000000e+00		0
Tau_0			1.300000e+00		1.000000e-03		1.000000e+01		0
		0.000000e+00		0.000000e+00		0.000000e+00		0
	0.000000e+00		0.000000e+00		0.000000e+00		0
min_max			8.355700e+02		8.505700e+02
---------------------------
idx: 19
 name :			 init_val 			 min 			 max 			 fixed 
Ampl_0			5.000000e-01		0.000000e+00		1.000000e+00		0
Mean_0			8.673780e+02		8.623780e+02		8.723780e+02		0
Sigma_0			1.000000e+00		5.000000e-01		4.000000e+00		0
Tau_0			3.300000e+00		1.000000e-03		1.000000e+01		0
		0.000000e+00		0.000000e+00		0.000000e+00		0
	0.000000e+00		0.000000e+00		0.000000e+00		0
min_max			8.523780e+02		8.823780e+02
---------------------------
idx: 20
 name :			 init_val 			 min 			 max 			 fixed 
Ampl_0			5.000000e-01		0.000000e+00		1.000000e+00		0
Mean_0			9.193300e+02		9.143300e+02		9.243300e+02		0
Sigma_0			1.000000e+00		5.000000e-01		4.000000e+00		0
Tau_0			1.300000e+00		1.000000e-03		1.000000e+01		0
		0.000000e+00		0.000000e+00		0.000000e+00		0
	0.000000e+00		0.000000e+00		0.000000e+00		0
min_max			9.163300e+02		9.243300e+02
---------------------------
idx: 21
 name :			 init_val 			 min 			 max 			 fixed 
Ampl_0			5.000000e-01		0.000000e+00		1.000000e+00		0
Mean_0			9.263170e+02		9.213170e+02		9.313170e+02		0
Sigma_0			1.000000e+00		5.000000e-01		4.000000e+00		0
Tau_0			1.300000e+00		1.000000e-03		1.000000e+01		0
Ampl_1			5.000000e-01		0.000000e+00		1.000000e+00		0
Mean_1			9.305800e+02		9.255800e+02		9.355800e+02		0
Sigma_1			1.000000e+00		5.000000e-01		4.000000e+00		0
Tau_1			1.300000e+00		1.000000e-03		1.000000e+01		0
Ampl_2			5.000000e-01		0.000000e+00		1.000000e+00		0
Mean_2			9.370500e+02		9.320500e+02		9.420500e+02		0
Sigma_2			1.000000e+00		5.000000e-01		4.000000e+00		0
Tau_2			1.300000e+00		1.000000e-03		1.000000e+01		0
		0.000000e+00		0.000000e+00		0.000000e+00		0
	0.000000e+00		0.000000e+00		0.000000e+00		0
min_max			9.243170e+02		9.390500e+02
---------------------------
idx: 22
 name :			 init_val 			 min 			 max 			 fixed 
Ampl_0			5.000000e-01		0.000000e+00		1.000000e+00		0
Mean_0			9.633900e+02		9.583900e+02		9.683900e+02		0
Sigma_0			1.000000e+00		5.000000e-01		4.000000e+00		0
Tau_0			1.300000e+00		1.000000e-03		1.000000e+01		0
Ampl_1			5.000000e-01		0.000000e+00		1.000000e+00		0
Mean_1			9.640790e+02		9.590790e+02		9.690790e+02		0
Sigma_1			1.000000e+00		5.000000e-01		4.000000e+00		0
Tau_1			1.300000e+00		1.000000e-03		1.000000e+01		0
Ampl_2			5.000000e-01		0.000000e+00		1.000000e+00		0
Mean_2			9.680000e+02		9.630000e+02		9.730000e+02		0
Sigma_2			1.000000e+00		5.000000e-01		4.000000e+00		0
Tau_2			1.300000e+00		1.000000e-03		1.000000e+01		0
Ampl_3			5.000000e-01		0.000000e+00		1.000000e+00		0
Mean_3			9.740900e+02		9.690900e+02		9.790900e+02		0
Sigma_3			1.000000e+00		5.000000e-01		4.000000e+00		0
Tau_3			1.300000e+00		1.000000e-03		1.000000e+01		0
		0.000000e+00		0.000000e+00		0.000000e+00		0
	0.000000e+00		0.000000e+00		0.000000e+00		0
min_max			9.483900e+02		9.890900e+02
---------------------------
idx: 23
 name :			 init_val 			 min 			 max 			 fixed 
Ampl_0			5.000000e-01		0.000000e+00		1.000000e+00		0
Mean_0			1.005272e+03		1.000272e+03		1.010272e+03		0
Sigma_0			1.000000e+00		5.000000e-01		4.000000e+00		0
Tau_0			1.300000e+00		1.000000e-03		1.000000e+01		0
		0.000000e+00		0.000000e+00		0.000000e+00		0
	0.000000e+00		0.000000e+00		0.000000e+00		0
min_max			9.902720e+02		1.020272e+03
---------------------------
idx: 24
 name :			 init_val 			 min 			 max 			 fixed 
Ampl_0			5.000000e-01		0.000000e+00		1.000000e+00		0
Mean_0			1.084000e+03		1.079000e+03		1.089000e+03		0
Sigma_0			1.000000e+00		5.000000e-01		4.000000e+00		0
Tau_0			1.300000e+00		1.000000e-03		1.000000e+01		0
Ampl_1			5.000000e-01		0.000000e+00		1.000000e+00		0
Mean_1			1.085869e+03		1.080869e+03		1.090869e+03		0
Sigma_1			1.000000e+00		5.000000e-01		4.000000e+00		0
Tau_1			1.300000e+00		1.000000e-03		1.000000e+01		0
Ampl_2			5.000000e-01		0.000000e+00		1.000000e+00		0
Mean_2			1.089737e+03		1.084737e+03		1.094737e+03		0
Sigma_2			1.000000e+00		5.000000e-01		4.000000e+00		0
Tau_2			1.300000e+00		1.000000e-03		1.000000e+01		0
		0.000000e+00		0.000000e+00		0.000000e+00		0
	0.000000e+00		0.000000e+00		0.000000e+00		0
min_max			1.069000e+03		1.096737e+03
---------------------------
idx: 25
 name :			 init_val 			 min 			 max 			 fixed 
Ampl_0			5.000000e-01		0.000000e+00		1.000000e+00		0
Mean_0			1.109174e+03		1.104174e+03		1.114174e+03		0
Sigma_0			1.000000e+00		5.000000e-01		4.000000e+00		0
Tau_0			1.300000e+00		1.000000e-03		1.000000e+01		0
Ampl_1			5.000000e-01		0.000000e+00		1.000000e+00		0
Mean_1			1.112074e+03		1.107074e+03		1.117074e+03		0
Sigma_1			1.000000e+00		5.000000e-01		4.000000e+00		0
Tau_1			1.300000e+00		1.000000e-03		1.000000e+01		0
		0.000000e+00		0.000000e+00		0.000000e+00		0
	0.000000e+00		0.000000e+00		0.000000e+00		0
min_max			1.094174e+03		1.127074e+03
---------------------------
idx: 26
 name :			 init_val 			 min 			 max 			 fixed 
Ampl_0			5.000000e-01		0.000000e+00		1.000000e+00		0
Mean_0			1.212948e+03		1.207948e+03		1.217948e+03		0
Sigma_0			1.000000e+00		5.000000e-01		4.000000e+00		0
Tau_0			s21.300000e+00		1.000000e-03		1.000000e+01		0
		0.000000e+00		0.000000e+00		0.000000e+00		0
	0.000000e+00		0.000000e+00		0.000000e+00		0
min_max			1.197948e+03		1.227948e+03
---------------------------
idx: 27
 name :			 init_val 			 min 			 max 			 fixed 
Ampl_0			5.000000e-01		0.000000e+00		1.000000e+00		0
Mean_0			1.249938e+03		1.244938e+03		1.254938e+03		0
Sigma_0			1.000000e+00		5.000000e-01		4.000000e+00		0
Tau_0			1.300000e+00		1.000000e-03		1.000000e+01		0
		0.000000e+00		0.000000e+00		0.000000e+00		0
	0.000000e+00		0.000000e+00		0.000000e+00		0
min_max			1.234938e+03		1.264938e+03
---------------------------
idx: 28
 name :			 init_val 			 min 			 max 			 fixed 
Ampl_0			5.000000e-01		0.000000e+00		1.000000e+00		0
Mean_0			1.292778e+03		1.287778e+03		1.297778e+03		0
Sigma_0			1.000000e+00		5.000000e-01		4.000000e+00		0
Tau_0			1.300000e+00		1.000000e-03		1.000000e+01		0
Ampl_1			5.000000e-01		0.000000e+00		1.000000e+00		0
Mean_1			1.299140e+03		1.294140e+03		1.304140e+03		0
Sigma_1			1.000000e+00		5.000000e-01		4.000000e+00		0
Tau_1			1.300000e+00		1.000000e-03		1.000000e+01		0
		0.000000e+00		0.000000e+00		0.000000e+00		0
	0.000000e+00		0.000000e+00		0.000000e+00		0
min_max			1.277778e+03		1.314140e+03
---------------------------
idx: 29
 name :			 init_val 			 min 			 max 			 fixed 
Ampl_0			5.000000e-01		0.000000e+00		1.000000e+00		0
Mean_0			1.408006e+03		1.403006e+03		1.413006e+03		0
Sigma_0			1.000000e+00		5.000000e-01		4.000000e+00		0
Tau_0			1.300000e+00		1.000000e-03		1.000000e+01		0
		0.000000e+00		0.000000e+00		0.000000e+00		0
	0.000000e+00		0.000000e+00		0.000000e+00		0
min_max			1.393006e+03		1.423006e+03
---------------------------
idx: 30
 name :			 init_val 			 min 			 max 			 fixed 
Ampl_0			5.000000e-01		0.000000e+00		1.000000e+00		0
Mean_0			1.457643e+03		1.452643e+03		1.462643e+03		0
Sigma_0			1.000000e+00		5.000000e-01		4.000000e+00		0
Tau_0			1.300000e+00		1.000000e-03		1.000000e+01		0
		0.000000e+00		0.000000e+00		0.000000e+00		0
	0.000000e+00		0.000000e+00		0.000000e+00		0
min_max			1.442643e+03		1.472643e+03
---------------------------
idx: 31
 name :			 init_val 			 min 			 max 			 fixed 
Ampl_0			5.000000e-01		0.000000e+00		1.000000e+00		0
Mean_0			1.528103e+03		1.523103e+03		1.533103e+03		0
Sigma_0			1.000000e+00		5.000000e-01		4.000000e+00		0
Tau_0			1.300000e+00		1.000000e-03		1.000000e+01		0
		0.000000e+00		0.000000e+00		0.000000e+00		0
	0.000000e+00		0.000000e+00		0.000000e+00		0
min_max			1.513103e+03		1.543103e+03
