0.000      0.1090    
   1.000      0.1536    
   2.000      0.2811    
   3.000      0.4736    
   4.000      0.7071    
   5.000      0.9569    
   6.000       1.205    
   7.000       1.444    
   8.000       1.678    
   9.000       1.924    
   10.00       2.202    
   11.00       2.533    
   12.00       2.928    
   13.00       3.387    
   14.00       3.892    
   15.00       4.411    
   16.00       4.898    
   17.00       5.306    
   18.00       5.587    
   19.00       5.706    
   20.00       5.640    
   21.00       5.388    
   22.00       4.969    
   23.00       4.417    
   24.00       3.777    
   25.00       3.104    
   26.00       2.448    
   27.00       1.855    
   28.00       1.360    
   29.00      0.9837    
   30.00      0.7334    
   31.00      0.6027    
   32.00      0.5749    
   33.00      0.6261    
   34.00      0.7293    
   35.00      0.8576    
   36.00      0.9872    
   37.00       1.100    
   38.00       1.183    
   39.00       1.230    
   40.00       1.242    
   41.00       1.223    
   42.00       1.180    
   43.00       1.122    
   44.00       1.057    
   45.00      0.9924    
   46.00      0.9335    
   47.00      0.8836    
   48.00      0.8436    
   49.00      0.8127    
   50.00      0.7887    
   51.00      0.7687    
   52.00      0.7498    
   53.00      0.7295    
   54.00      0.7059    
   55.00      0.6785    
   56.00      0.6472    
   57.00      0.6132    
   58.00      0.5782    
   59.00      0.5442    
   60.00      0.5132    
   61.00      0.4870    
   62.00      0.4670    
   63.00      0.4540    
   64.00      0.4480    
   65.00      0.4483    
   66.00      0.4538    
   67.00      0.4630    
   68.00      0.4740    
   69.00      0.4848    
   70.00      0.4938    
   71.00      0.4994    
   72.00      0.5004    
   73.00      0.4961    
   74.00      0.4862    
   75.00      0.4711    
   76.00      0.4511    
   77.00      0.4273    
   78.00      0.4006    
   79.00      0.3724    
   80.00      0.3439    
   81.00      0.3161    
   82.00      0.2901    
   83.00      0.2667    
   84.00      0.2465    
   85.00      0.2297    
   86.00      0.2164    
   87.00      0.2066    
   88.00      0.1998    
   89.00      0.1956    
   90.00      0.1935    
   91.00      0.1929    
   92.00      0.1932    
   93.00      0.1938    
   94.00      0.1942    
   95.00      0.1941    
   96.00      0.1932    
   97.00      0.1912    
   98.00      0.1880    
   99.00      0.1837    
   100.0      0.1783    
   101.0      0.1719    
   102.0      0.1649    
   103.0      0.1572    
   104.0      0.1493    
   105.0      0.1414    
   106.0      0.1336    
   107.0      0.1261    
   108.0      0.1191    
   109.0      0.1127    
   110.0      0.1069    
   111.0      0.1019    
   112.0      0.9767E-01
   113.0      0.9410E-01
   114.0      0.9118E-01
   115.0      0.8884E-01
   116.0      0.8699E-01
   117.0      0.8554E-01
   118.0      0.8440E-01
   119.0      0.8347E-01
   120.0      0.8267E-01
   121.0      0.8190E-01
   122.0      0.8111E-01
   123.0      0.8022E-01
   124.0      0.7920E-01
   125.0      0.7800E-01
   126.0      0.7661E-01
   127.0      0.7502E-01
   128.0      0.7322E-01
   129.0      0.7123E-01
   130.0      0.6907E-01
   131.0      0.6676E-01
   132.0      0.6433E-01
   133.0      0.6184E-01
   134.0      0.5931E-01
   135.0      0.5679E-01
   136.0      0.5432E-01
   137.0      0.5195E-01
   138.0      0.4973E-01
   139.0      0.4767E-01
   140.0      0.4581E-01
   141.0      0.4418E-01
   142.0      0.4280E-01
   143.0      0.4165E-01
   144.0      0.4076E-01
   145.0      0.4010E-01
   146.0      0.3967E-01
   147.0      0.3944E-01
   148.0      0.3939E-01
   149.0      0.3949E-01
   150.0      0.3971E-01
   151.0      0.4004E-01
   152.0      0.4044E-01
   153.0      0.4091E-01
   154.0      0.4143E-01
   155.0      0.4198E-01
   156.0      0.4256E-01
   157.0      0.4317E-01
   158.0      0.4379E-01
   159.0      0.4441E-01
   160.0      0.4503E-01
   161.0      0.4564E-01
   162.0      0.4620E-01
   163.0      0.4670E-01
   164.0      0.4711E-01
   165.0      0.4741E-01
   166.0      0.4755E-01
   167.0      0.4754E-01
   168.0      0.4734E-01
   169.0      0.4695E-01
   170.0      0.4639E-01
   171.0      0.4566E-01
   172.0      0.4479E-01
   173.0      0.4384E-01
   174.0      0.4285E-01
   175.0      0.4187E-01
   176.0      0.4097E-01
   177.0      0.4020E-01
   178.0      0.3961E-01
   179.0      0.3924E-01
   180.0      0.3912E-01
