0.000       3.721    
   1.000       3.663    
   2.000       3.505    
   3.000       3.289    
   4.000       3.075    
   5.000       2.928    
   6.000       2.900    
   7.000       3.023    
   8.000       3.296    
   9.000       3.688    
   10.00       4.140    
   11.00       4.580    
   12.00       4.931    
   13.00       5.128    
   14.00       5.126    
   15.00       4.912    
   16.00       4.499    
   17.00       3.929    
   18.00       3.263    
   19.00       2.570    
   20.00       1.917    
   21.00       1.363    
   22.00      0.9469    
   23.00      0.6883    
   24.00      0.5856    
   25.00      0.6195    
   26.00      0.7575    
   27.00      0.9602    
   28.00       1.187    
   29.00       1.401    
   30.00       1.574    
   31.00       1.687    
   32.00       1.731    
   33.00       1.710    
   34.00       1.631    
   35.00       1.508    
   36.00       1.358    
   37.00       1.198    
   38.00       1.040    
   39.00      0.8965    
   40.00      0.7737    
   41.00      0.6750    
   42.00      0.6002    
   43.00      0.5465    
   44.00      0.5099    
   45.00      0.4856    
   46.00      0.4691    
   47.00      0.4567    
   48.00      0.4457    
   49.00      0.4346    
   50.00      0.4229    
   51.00      0.4109    
   52.00      0.3995    
   53.00      0.3896    
   54.00      0.3820    
   55.00      0.3771    
   56.00      0.3751    
   57.00      0.3756    
   58.00      0.3776    
   59.00      0.3802    
   60.00      0.3822    
   61.00      0.3823    
   62.00      0.3797    
   63.00      0.3737    
   64.00      0.3639    
   65.00      0.3506    
   66.00      0.3340    
   67.00      0.3150    
   68.00      0.2945    
   69.00      0.2735    
   70.00      0.2531    
   71.00      0.2342    
   72.00      0.2175    
   73.00      0.2036    
   74.00      0.1928    
   75.00      0.1850    
   76.00      0.1801    
   77.00      0.1777    
   78.00      0.1771    
   79.00      0.1779    
   80.00      0.1793    
   81.00      0.1807    
   82.00      0.1817    
   83.00      0.1816    
   84.00      0.1803    
   85.00      0.1775    
   86.00      0.1733    
   87.00      0.1676    
   88.00      0.1608    
   89.00      0.1529    
   90.00      0.1445    
   91.00      0.1357    
   92.00      0.1269    
   93.00      0.1184    
   94.00      0.1104    
   95.00      0.1031    
   96.00      0.9677E-01
   97.00      0.9132E-01
   98.00      0.8680E-01
   99.00      0.8316E-01
   100.0      0.8031E-01
   101.0      0.7813E-01
   102.0      0.7648E-01
   103.0      0.7520E-01
   104.0      0.7415E-01
   105.0      0.7319E-01
   106.0      0.7222E-01
   107.0      0.7113E-01
   108.0      0.6988E-01
   109.0      0.6842E-01
   110.0      0.6676E-01
   111.0      0.6490E-01
   112.0      0.6287E-01
   113.0      0.6072E-01
   114.0      0.5849E-01
   115.0      0.5623E-01
   116.0      0.5398E-01
   117.0      0.5178E-01
   118.0      0.4966E-01
   119.0      0.4762E-01
   120.0      0.4570E-01
   121.0      0.4387E-01
   122.0      0.4214E-01
   123.0      0.4051E-01
   124.0      0.3897E-01
   125.0      0.3751E-01
   126.0      0.3615E-01
   127.0      0.3488E-01
   128.0      0.3372E-01
   129.0      0.3269E-01
   130.0      0.3180E-01
   131.0      0.3107E-01
   132.0      0.3050E-01
   133.0      0.3009E-01
   134.0      0.2984E-01
   135.0      0.2971E-01
   136.0      0.2969E-01
   137.0      0.2973E-01
   138.0      0.2977E-01
   139.0      0.2976E-01
   140.0      0.2966E-01
   141.0      0.2941E-01
   142.0      0.2899E-01
   143.0      0.2837E-01
   144.0      0.2756E-01
   145.0      0.2656E-01
   146.0      0.2543E-01
   147.0      0.2420E-01
   148.0      0.2296E-01
   149.0      0.2177E-01
   150.0      0.2071E-01
   151.0      0.1985E-01
   152.0      0.1925E-01
   153.0      0.1895E-01
   154.0      0.1899E-01
   155.0      0.1936E-01
   156.0      0.2004E-01
   157.0      0.2101E-01
   158.0      0.2219E-01
   159.0      0.2354E-01
   160.0      0.2498E-01
   161.0      0.2643E-01
   162.0      0.2783E-01
   163.0      0.2913E-01
   164.0      0.3028E-01
   165.0      0.3125E-01
   166.0      0.3203E-01
   167.0      0.3262E-01
   168.0      0.3304E-01
   169.0      0.3331E-01
   170.0      0.3345E-01
   171.0      0.3351E-01
   172.0      0.3350E-01
   173.0      0.3346E-01
   174.0      0.3341E-01
   175.0      0.3335E-01
   176.0      0.3330E-01
   177.0      0.3326E-01
   178.0      0.3323E-01
   179.0      0.3322E-01
   180.0      0.3322E-01
