 0.000       41.65    
   1.000       40.66    
   2.000       37.82    
   3.000       33.43    
   4.000       27.99    
   5.000       22.05    
   6.000       16.20    
   7.000       10.94    
   8.000       6.661    
   9.000       3.575    
   10.00       1.728    
   11.00       1.007    
   12.00       1.184    
   13.00       1.963    
   14.00       3.035    
   15.00       4.118    
   16.00       4.997    
   17.00       5.539    
   18.00       5.693    
   19.00       5.482    
   20.00       4.982    
   21.00       4.297    
   22.00       3.538    
   23.00       2.802    
   24.00       2.161    
   25.00       1.657    
   26.00       1.300    
   27.00       1.074    
   28.00      0.9509    
   29.00      0.8908    
   30.00      0.8574    
   31.00      0.8217    
   32.00      0.7660    
   33.00      0.6849    
   34.00      0.5838    
   35.00      0.4761    
   36.00      0.3792    
   37.00      0.3104    
   38.00      0.2838    
   39.00      0.3074    
   40.00      0.3828    
   41.00      0.5045    
   42.00      0.6614    
   43.00      0.8383    
   44.00       1.018    
   45.00       1.185    
   46.00       1.323    
   47.00       1.422    
   48.00       1.476    
   49.00       1.483    
   50.00       1.445    
   51.00       1.368    
   52.00       1.261    
   53.00       1.133    
   54.00      0.9948    
   55.00      0.8562    
   56.00      0.7251    
   57.00      0.6079    
   58.00      0.5085    
   59.00      0.4290    
   60.00      0.3695    
   61.00      0.3283    
   62.00      0.3031    
   63.00      0.2903    
   64.00      0.2864    
   65.00      0.2879    
   66.00      0.2918    
   67.00      0.2954    
   68.00      0.2969    
   69.00      0.2949    
   70.00      0.2890    
   71.00      0.2790    
   72.00      0.2652    
   73.00      0.2483    
   74.00      0.2290    
   75.00      0.2083    
   76.00      0.1870    
   77.00      0.1657    
   78.00      0.1453    
   79.00      0.1261    
   80.00      0.1087    
   81.00      0.9312E-01
   82.00      0.7964E-01
   83.00      0.6828E-01
   84.00      0.5902E-01
   85.00      0.5179E-01
   86.00      0.4648E-01
   87.00      0.4293E-01
   88.00      0.4098E-01
   89.00      0.4044E-01
   90.00      0.4109E-01
   91.00      0.4271E-01
   92.00      0.4507E-01
   93.00      0.4793E-01
   94.00      0.5104E-01
   95.00      0.5417E-01
   96.00      0.5711E-01
   97.00      0.5963E-01
   98.00      0.6158E-01
   99.00      0.6283E-01
   100.0      0.6328E-01
   101.0      0.6290E-01
   102.0      0.6171E-01
   103.0      0.5977E-01
   104.0      0.5717E-01
   105.0      0.5408E-01
   106.0      0.5066E-01
   107.0      0.4709E-01
   108.0      0.4357E-01
   109.0      0.4027E-01
   110.0      0.3735E-01
   111.0      0.3492E-01
   112.0      0.3305E-01
   113.0      0.3178E-01
   114.0      0.3109E-01
   115.0      0.3091E-01
   116.0      0.3115E-01
   117.0      0.3166E-01
   118.0      0.3231E-01
   119.0      0.3295E-01
   120.0      0.3345E-01
   121.0      0.3370E-01
   122.0      0.3362E-01
   123.0      0.3317E-01
   124.0      0.3235E-01
   125.0      0.3122E-01
   126.0      0.2983E-01
   127.0      0.2829E-01
   128.0      0.2671E-01
   129.0      0.2519E-01
   130.0      0.2383E-01
   131.0      0.2270E-01
   132.0      0.2183E-01
   133.0      0.2123E-01
   134.0      0.2085E-01
   135.0      0.2064E-01
   136.0      0.2050E-01
   137.0      0.2034E-01
   138.0      0.2008E-01
   139.0      0.1962E-01
   140.0      0.1893E-01
   141.0      0.1799E-01
   142.0      0.1684E-01
   143.0      0.1555E-01
   144.0      0.1423E-01
   145.0      0.1299E-01
   146.0      0.1199E-01
   147.0      0.1136E-01
   148.0      0.1118E-01
   149.0      0.1154E-01
   150.0      0.1243E-01
   151.0      0.1381E-01
   152.0      0.1557E-01
   153.0      0.1755E-01
   154.0      0.1954E-01
   155.0      0.2132E-01
   156.0      0.2268E-01
   157.0      0.2342E-01
   158.0      0.2341E-01
   159.0      0.2258E-01
   160.0      0.2095E-01
   161.0      0.1863E-01
   162.0      0.1582E-01
   163.0      0.1280E-01
   164.0      0.9922E-02
   165.0      0.7537E-02
   166.0      0.6010E-02
   167.0      0.5664E-02
   168.0      0.6750E-02
   169.0      0.9417E-02
   170.0      0.1369E-01
   171.0      0.1947E-01
   172.0      0.2652E-01
   173.0      0.3448E-01
   174.0      0.4290E-01
   175.0      0.5127E-01
   176.0      0.5906E-01
   177.0      0.6575E-01
   178.0      0.7089E-01
   179.0      0.7412E-01
   180.0      0.7523E-01
