0056	1.05
0057	1.05
0058	0.95
0059	0.95
0060	0.95
0061	0.95
0062	0.90
0063	0.90
0065	0.90
0066	0.90
0067	0.90
0068	0.90
0069	0.90
0070	0.90
0071	0.90
0073	0.90
0074	0.90
0082	0.90



//BrhoList for e786s
0001  1.0
0002  1.0
0003  1.0
0004  1.0
0005  1.0
0007  1.0
0008  1.0
0010 1.16
0011 1.16
0012 1.16
0013 1.16
0014 1.16
0015 1.16
0016 1.09
0017 1.09
0018 0.95
0019 1.20
0020 1.20
0021 1.20
0022 1.05
0023 1.05
0024 1.05
0025 1.05
0026 1.05
0028 1.05
0031 1.05
0036 1.05
0041 1.05
0042 1.05
0045 1.05
0046 1.05
0047 1.05
0048 1.05
0049 1.05
0050 1.05
0051 1.05
0052 1.05
0053 1.05
0054 1.05
0055 1.05
0056 1.05
0057 1.05
0058 0.95
0059 0.95
0060 0.95
0060 0.95
0061 0.95
0062 0.90
0063 0.90
0064 0.90
0065 0.90
0066 0.90
0067 0.90
0068 0.90
0069 0.90
0070 0.90
0071 0.90
0072 0.90
0073 0.90
0074 0.90
0075 0.90
0076 0.90
0077 0.90
0078 0.90
0079 0.90
0080 0.90
0081 0.90
