# 181 angles,  1 tensor ranks for 0=projectile
@subtitle   "46Ar(3He,d)47K - 374 MeV - DWBA post full complex remnant;"                    
@legend ON
@legend x1 0.2
@legend y1 0.8
@g0 type LOGY
@yaxis ticklabel format power
@legend string   0 "Lab energy =  400.0000"
#legend string   0 "Partition=  2 Excit=  1 near/far= 1"
#  Theta       sigma       iT11        T20         T21         T22         Kyy for projectile
   0.000       34.01    
   1.000       33.12    
   2.000       30.55    
   3.000       26.63    
   4.000       21.82    
   5.000       16.65    
   6.000       11.67    
   7.000       7.323    
   8.000       3.921    
   9.000       1.610    
   10.00      0.3641    
   11.00      0.2419E-01
   12.00      0.3386    
   13.00       1.020    
   14.00       1.796    
   15.00       2.450    
   16.00       2.843    
   17.00       2.921    
   18.00       2.705    
   19.00       2.268    
   20.00       1.714    
   21.00       1.149    
   22.00      0.6633    
   23.00      0.3165    
   24.00      0.1334    
   25.00      0.1062    
   26.00      0.2016    
   27.00      0.3720    
   28.00      0.5660    
   29.00      0.7377    
   30.00      0.8539    
   31.00      0.8968    
   32.00      0.8647    
   33.00      0.7688    
   34.00      0.6293    
   35.00      0.4707    
   36.00      0.3167    
   37.00      0.1872    
   38.00      0.9525E-01
   39.00      0.4659E-01
   40.00      0.3985E-01
   41.00      0.6798E-01
   42.00      0.1202    
   43.00      0.1842    
   44.00      0.2479    
   45.00      0.3015    
   46.00      0.3378    
   47.00      0.3535    
   48.00      0.3481    
   49.00      0.3242    
   50.00      0.2862    
   51.00      0.2394    
   52.00      0.1894    
   53.00      0.1412    
   54.00      0.9866E-01
   55.00      0.6438E-01
   56.00      0.3948E-01
   57.00      0.2381E-01
   58.00      0.1628E-01
   59.00      0.1510E-01
   60.00      0.1822E-01
   61.00      0.2356E-01
   62.00      0.2935E-01
   63.00      0.3420E-01
   64.00      0.3725E-01
   65.00      0.3811E-01
   66.00      0.3685E-01
   67.00      0.3382E-01
   68.00      0.2959E-01
   69.00      0.2481E-01
   70.00      0.2009E-01
   71.00      0.1591E-01
   72.00      0.1262E-01
   73.00      0.1039E-01
   74.00      0.9197E-02
   75.00      0.8916E-02
   76.00      0.9315E-02
   77.00      0.1012E-01
   78.00      0.1104E-01
   79.00      0.1186E-01
   80.00      0.1238E-01
   81.00      0.1250E-01
   82.00      0.1219E-01
   83.00      0.1150E-01
   84.00      0.1052E-01
   85.00      0.9383E-02
   86.00      0.8223E-02
   87.00      0.7174E-02
   88.00      0.6348E-02
   89.00      0.5821E-02
   90.00      0.5628E-02
   91.00      0.5767E-02
   92.00      0.6200E-02
   93.00      0.6860E-02
   94.00      0.7662E-02
   95.00      0.8515E-02
   96.00      0.9330E-02
   97.00      0.1003E-01
   98.00      0.1055E-01
   99.00      0.1085E-01
   100.0      0.1092E-01
   101.0      0.1076E-01
   102.0      0.1041E-01
   103.0      0.9882E-02
   104.0      0.9242E-02
   105.0      0.8536E-02
   106.0      0.7814E-02
   107.0      0.7123E-02
   108.0      0.6497E-02
   109.0      0.5964E-02
   110.0      0.5538E-02
   111.0      0.5223E-02
   112.0      0.5015E-02
   113.0      0.4902E-02
   114.0      0.4866E-02
   115.0      0.4887E-02
   116.0      0.4943E-02
   117.0      0.5014E-02
   118.0      0.5083E-02
   119.0      0.5135E-02
   120.0      0.5160E-02
   121.0      0.5151E-02
   122.0      0.5105E-02
   123.0      0.5021E-02
   124.0      0.4901E-02
   125.0      0.4749E-02
   126.0      0.4571E-02
   127.0      0.4371E-02
   128.0      0.4156E-02
   129.0      0.3933E-02
   130.0      0.3708E-02
   131.0      0.3486E-02
   132.0      0.3275E-02
   133.0      0.3078E-02
   134.0      0.2903E-02
   135.0      0.2751E-02
   136.0      0.2628E-02
   137.0      0.2534E-02
   138.0      0.2471E-02
   139.0      0.2436E-02
   140.0      0.2426E-02
   141.0      0.2437E-02
   142.0      0.2462E-02
   143.0      0.2494E-02
   144.0      0.2526E-02
   145.0      0.2549E-02
   146.0      0.2557E-02
   147.0      0.2545E-02
   148.0      0.2509E-02
   149.0      0.2449E-02
   150.0      0.2365E-02
   151.0      0.2264E-02
   152.0      0.2151E-02
   153.0      0.2035E-02
   154.0      0.1925E-02
   155.0      0.1833E-02
   156.0      0.1767E-02
   157.0      0.1734E-02
   158.0      0.1742E-02
   159.0      0.1793E-02
   160.0      0.1886E-02
   161.0      0.2017E-02
   162.0      0.2180E-02
   163.0      0.2365E-02
   164.0      0.2561E-02
   165.0      0.2754E-02
   166.0      0.2933E-02
   167.0      0.3085E-02
   168.0      0.3202E-02
   169.0      0.3277E-02
   170.0      0.3305E-02
   171.0      0.3289E-02
   172.0      0.3231E-02
   173.0      0.3139E-02
   174.0      0.3023E-02
   175.0      0.2896E-02
   176.0      0.2769E-02
   177.0      0.2655E-02
   178.0      0.2564E-02
   179.0      0.2507E-02
   180.0      0.2487E-02
 END
