# 181 angles,  1 tensor ranks for 0=projectile
@subtitle   "46Ar(3He,d)47K - 374 MeV - DWBA post full complex remnant;"                    
@legend ON
@legend x1 0.2
@legend y1 0.8
@g0 type LOGY
@yaxis ticklabel format power
@legend string   0 "Lab energy =  386.0000"
#legend string   0 "Partition=  2 Excit=  1 near/far= 1"
#  Theta       sigma       iT11        T20         T21         T22         Kyy for projectile
   0.000       32.54    
   1.000       31.71    
   2.000       29.32    
   3.000       25.66    
   4.000       21.14    
   5.000       16.26    
   6.000       11.53    
   7.000       7.350    
   8.000       4.036    
   9.000       1.735    
   10.00      0.4417    
   11.00      0.2529E-01
   12.00      0.2633    
   13.00      0.8924    
   14.00       1.655    
   15.00       2.336    
   16.00       2.792    
   17.00       2.952    
   18.00       2.819    
   19.00       2.451    
   20.00       1.937    
   21.00       1.379    
   22.00      0.8666    
   23.00      0.4662    
   24.00      0.2136    
   25.00      0.1131    
   26.00      0.1432    
   27.00      0.2648    
   28.00      0.4314    
   29.00      0.5981    
   30.00      0.7285    
   31.00      0.7997    
   32.00      0.8028    
   33.00      0.7423    
   34.00      0.6327    
   35.00      0.4946    
   36.00      0.3502    
   37.00      0.2195    
   38.00      0.1179    
   39.00      0.5419E-01
   40.00      0.3067E-01
   41.00      0.4360E-01
   42.00      0.8482E-01
   43.00      0.1436    
   44.00      0.2084    
   45.00      0.2687    
   46.00      0.3162    
   47.00      0.3456    
   48.00      0.3545    
   49.00      0.3436    
   50.00      0.3158    
   51.00      0.2758    
   52.00      0.2286    
   53.00      0.1794    
   54.00      0.1330    
   55.00      0.9260E-01
   56.00      0.6051E-01
   57.00      0.3760E-01
   58.00      0.2360E-01
   59.00      0.1735E-01
   60.00      0.1712E-01
   61.00      0.2093E-01
   62.00      0.2679E-01
   63.00      0.3300E-01
   64.00      0.3822E-01
   65.00      0.4161E-01
   66.00      0.4276E-01
   67.00      0.4170E-01
   68.00      0.3876E-01
   69.00      0.3445E-01
   70.00      0.2940E-01
   71.00      0.2421E-01
   72.00      0.1940E-01
   73.00      0.1533E-01
   74.00      0.1224E-01
   75.00      0.1017E-01
   76.00      0.9049E-02
   77.00      0.8710E-02
   78.00      0.8918E-02
   79.00      0.9423E-02
   80.00      0.9993E-02
   81.00      0.1044E-01
   82.00      0.1064E-01
   83.00      0.1052E-01
   84.00      0.1009E-01
   85.00      0.9403E-02
   86.00      0.8544E-02
   87.00      0.7622E-02
   88.00      0.6747E-02
   89.00      0.6018E-02
   90.00      0.5509E-02
   91.00      0.5263E-02
   92.00      0.5292E-02
   93.00      0.5577E-02
   94.00      0.6072E-02
   95.00      0.6714E-02
   96.00      0.7431E-02
   97.00      0.8146E-02
   98.00      0.8793E-02
   99.00      0.9314E-02
   100.0      0.9669E-02
   101.0      0.9835E-02
   102.0      0.9809E-02
   103.0      0.9602E-02
   104.0      0.9240E-02
   105.0      0.8756E-02
   106.0      0.8192E-02
   107.0      0.7588E-02
   108.0      0.6983E-02
   109.0      0.6410E-02
   110.0      0.5897E-02
   111.0      0.5460E-02
   112.0      0.5112E-02
   113.0      0.4855E-02
   114.0      0.4686E-02
   115.0      0.4594E-02
   116.0      0.4569E-02
   117.0      0.4594E-02
   118.0      0.4655E-02
   119.0      0.4736E-02
   120.0      0.4822E-02
   121.0      0.4901E-02
   122.0      0.4961E-02
   123.0      0.4993E-02
   124.0      0.4992E-02
   125.0      0.4953E-02
   126.0      0.4873E-02
   127.0      0.4753E-02
   128.0      0.4596E-02
   129.0      0.4406E-02
   130.0      0.4188E-02
   131.0      0.3952E-02
   132.0      0.3706E-02
   133.0      0.3460E-02
   134.0      0.3224E-02
   135.0      0.3008E-02
   136.0      0.2820E-02
   137.0      0.2667E-02
   138.0      0.2553E-02
   139.0      0.2480E-02
   140.0      0.2446E-02
   141.0      0.2446E-02
   142.0      0.2474E-02
   143.0      0.2521E-02
   144.0      0.2576E-02
   145.0      0.2629E-02
   146.0      0.2671E-02
   147.0      0.2693E-02
   148.0      0.2689E-02
   149.0      0.2656E-02
   150.0      0.2595E-02
   151.0      0.2511E-02
   152.0      0.2409E-02
   153.0      0.2299E-02
   154.0      0.2194E-02
   155.0      0.2103E-02
   156.0      0.2038E-02
   157.0      0.2009E-02
   158.0      0.2023E-02
   159.0      0.2083E-02
   160.0      0.2188E-02
   161.0      0.2335E-02
   162.0      0.2516E-02
   163.0      0.2720E-02
   164.0      0.2933E-02
   165.0      0.3142E-02
   166.0      0.3332E-02
   167.0      0.3490E-02
   168.0      0.3605E-02
   169.0      0.3671E-02
   170.0      0.3684E-02
   171.0      0.3645E-02
   172.0      0.3558E-02
   173.0      0.3434E-02
   174.0      0.3285E-02
   175.0      0.3123E-02
   176.0      0.2964E-02
   177.0      0.2823E-02
   178.0      0.2712E-02
   179.0      0.2641E-02
   180.0      0.2617E-02
 END
