# 181 angles,  1 tensor ranks for 0=projectile
@subtitle   "46Ar(3He,d)47K - 374 MeV - DWBA post full complex remnant;"                    
@legend ON
@legend x1 0.2
@legend y1 0.8
@g0 type LOGY
@yaxis ticklabel format power
@legend string   0 "Lab energy =  379.0000"
#legend string   0 "Partition=  2 Excit=  1 near/far= 1"
#  Theta       sigma       iT11        T20         T21         T22         Kyy for projectile
   0.000       31.74    
   1.000       30.94    
   2.000       28.64    
   3.000       25.11    
   4.000       20.74    
   5.000       16.02    
   6.000       11.42    
   7.000       7.338    
   8.000       4.078    
   9.000       1.790    
   10.00      0.4805    
   11.00      0.2951E-01
   12.00      0.2300    
   13.00      0.8309    
   14.00       1.583    
   15.00       2.274    
   16.00       2.758    
   17.00       2.957    
   18.00       2.867    
   19.00       2.535    
   20.00       2.046    
   21.00       1.497    
   22.00      0.9756    
   23.00      0.5524    
   24.00      0.2672    
   25.00      0.1304    
   26.00      0.1261    
   27.00      0.2201    
   28.00      0.3690    
   29.00      0.5288    
   30.00      0.6627    
   31.00      0.7452    
   32.00      0.7645    
   33.00      0.7216    
   34.00      0.6281    
   35.00      0.5022    
   36.00      0.3647    
   37.00      0.2357    
   38.00      0.1310    
   39.00      0.6080E-01
   40.00      0.2907E-01
   41.00      0.3378E-01
   42.00      0.6825E-01
   43.00      0.1228    
   44.00      0.1864    
   45.00      0.2485    
   46.00      0.3005    
   47.00      0.3360    
   48.00      0.3520    
   49.00      0.3482    
   50.00      0.3265    
   51.00      0.2910    
   52.00      0.2466    
   53.00      0.1983    
   54.00      0.1509    
   55.00      0.1083    
   56.00      0.7304E-01
   57.00      0.4658E-01
   58.00      0.2913E-01
   59.00      0.1991E-01
   60.00      0.1746E-01
   61.00      0.1990E-01
   62.00      0.2527E-01
   63.00      0.3175E-01
   64.00      0.3782E-01
   65.00      0.4241E-01
   66.00      0.4490E-01
   67.00      0.4508E-01
   68.00      0.4312E-01
   69.00      0.3945E-01
   70.00      0.3462E-01
   71.00      0.2925E-01
   72.00      0.2391E-01
   73.00      0.1907E-01
   74.00      0.1505E-01
   75.00      0.1201E-01
   76.00      0.9974E-02
   77.00      0.8852E-02
   78.00      0.8459E-02
   79.00      0.8571E-02
   80.00      0.8952E-02
   81.00      0.9390E-02
   82.00      0.9720E-02
   83.00      0.9829E-02
   84.00      0.9669E-02
   85.00      0.9246E-02
   86.00      0.8610E-02
   87.00      0.7844E-02
   88.00      0.7042E-02
   89.00      0.6301E-02
   90.00      0.5703E-02
   91.00      0.5308E-02
   92.00      0.5149E-02
   93.00      0.5230E-02
   94.00      0.5531E-02
   95.00      0.6007E-02
   96.00      0.6601E-02
   97.00      0.7248E-02
   98.00      0.7882E-02
   99.00      0.8446E-02
   100.0      0.8890E-02
   101.0      0.9183E-02
   102.0      0.9307E-02
   103.0      0.9260E-02
   104.0      0.9054E-02
   105.0      0.8711E-02
   106.0      0.8262E-02
   107.0      0.7743E-02
   108.0      0.7188E-02
   109.0      0.6632E-02
   110.0      0.6105E-02
   111.0      0.5629E-02
   112.0      0.5222E-02
   113.0      0.4895E-02
   114.0      0.4651E-02
   115.0      0.4490E-02
   116.0      0.4404E-02
   117.0      0.4384E-02
   118.0      0.4417E-02
   119.0      0.4489E-02
   120.0      0.4586E-02
   121.0      0.4692E-02
   122.0      0.4794E-02
   123.0      0.4880E-02
   124.0      0.4937E-02
   125.0      0.4959E-02
   126.0      0.4938E-02
   127.0      0.4870E-02
   128.0      0.4756E-02
   129.0      0.4597E-02
   130.0      0.4400E-02
   131.0      0.4171E-02
   132.0      0.3920E-02
   133.0      0.3660E-02
   134.0      0.3403E-02
   135.0      0.3160E-02
   136.0      0.2942E-02
   137.0      0.2759E-02
   138.0      0.2617E-02
   139.0      0.2520E-02
   140.0      0.2466E-02
   141.0      0.2454E-02
   142.0      0.2474E-02
   143.0      0.2520E-02
   144.0      0.2579E-02
   145.0      0.2640E-02
   146.0      0.2693E-02
   147.0      0.2728E-02
   148.0      0.2738E-02
   149.0      0.2720E-02
   150.0      0.2673E-02
   151.0      0.2601E-02
   152.0      0.2511E-02
   153.0      0.2413E-02
   154.0      0.2317E-02
   155.0      0.2236E-02
   156.0      0.2181E-02
   157.0      0.2162E-02
   158.0      0.2187E-02
   159.0      0.2257E-02
   160.0      0.2374E-02
   161.0      0.2533E-02
   162.0      0.2724E-02
   163.0      0.2937E-02
   164.0      0.3157E-02
   165.0      0.3369E-02
   166.0      0.3559E-02
   167.0      0.3712E-02
   168.0      0.3819E-02
   169.0      0.3872E-02
   170.0      0.3867E-02
   171.0      0.3807E-02
   172.0      0.3697E-02
   173.0      0.3548E-02
   174.0      0.3373E-02
   175.0      0.3187E-02
   176.0      0.3006E-02
   177.0      0.2846E-02
   178.0      0.2720E-02
   179.0      0.2641E-02
   180.0      0.2613E-02
 END
