# 181 angles,  1 tensor ranks for 0=projectile
@subtitle   "46Ar(3He,d)47K - 374 MeV - DWBA post full complex remnant;"                    
@legend ON
@legend x1 0.2
@legend y1 0.8
@g0 type LOGY
@yaxis ticklabel format power
@legend string   0 "Lab energy =  371.0000"
#legend string   0 "Partition=  2 Excit=  1 near/far= 1"
#  Theta       sigma       iT11        T20         T21         T22         Kyy for projectile
   0.000       30.77    
   1.000       30.00    
   2.000       27.81    
   3.000       24.43    
   4.000       20.25    
   5.000       15.71    
   6.000       11.26    
   7.000       7.301    
   8.000       4.112    
   9.000       1.848    
   10.00      0.5242    
   11.00      0.3693E-01
   12.00      0.1952    
   13.00      0.7626    
   14.00       1.500    
   15.00       2.199    
   16.00       2.711    
   17.00       2.954    
   18.00       2.912    
   19.00       2.624    
   20.00       2.167    
   21.00       1.631    
   22.00       1.105    
   23.00      0.6589    
   24.00      0.3391    
   25.00      0.1616    
   26.00      0.1173    
   27.00      0.1777    
   28.00      0.3032    
   29.00      0.4519    
   30.00      0.5864    
   31.00      0.6793    
   32.00      0.7154    
   33.00      0.6922    
   34.00      0.6175    
   35.00      0.5068    
   36.00      0.3792    
   37.00      0.2538    
   38.00      0.1472    
   39.00      0.7069E-01
   40.00      0.3001E-01
   41.00      0.2510E-01
   42.00      0.5103E-01
   43.00      0.9945E-01
   44.00      0.1602    
   45.00      0.2230    
   46.00      0.2788    
   47.00      0.3207    
   48.00      0.3444    
   49.00      0.3487    
   50.00      0.3346    
   51.00      0.3052    
   52.00      0.2650    
   53.00      0.2188    
   54.00      0.1714    
   55.00      0.1270    
   56.00      0.8868E-01
   57.00      0.5845E-01
   58.00      0.3705E-01
   59.00      0.2420E-01
   60.00      0.1880E-01
   61.00      0.1921E-01
   62.00      0.2353E-01
   63.00      0.2990E-01
   64.00      0.3665E-01
   65.00      0.4246E-01
   66.00      0.4646E-01
   67.00      0.4820E-01
   68.00      0.4761E-01
   69.00      0.4497E-01
   70.00      0.4073E-01
   71.00      0.3548E-01
   72.00      0.2982E-01
   73.00      0.2429E-01
   74.00      0.1932E-01
   75.00      0.1520E-01
   76.00      0.1206E-01
   77.00      0.9911E-02
   78.00      0.8659E-02
   79.00      0.8123E-02
   80.00      0.8091E-02
   81.00      0.8341E-02
   82.00      0.8678E-02
   83.00      0.8945E-02
   84.00      0.9039E-02
   85.00      0.8910E-02
   86.00      0.8560E-02
   87.00      0.8029E-02
   88.00      0.7385E-02
   89.00      0.6709E-02
   90.00      0.6083E-02
   91.00      0.5577E-02
   92.00      0.5243E-02
   93.00      0.5109E-02
   94.00      0.5181E-02
   95.00      0.5439E-02
   96.00      0.5848E-02
   97.00      0.6359E-02
   98.00      0.6917E-02
   99.00      0.7467E-02
   100.0      0.7958E-02
   101.0      0.8348E-02
   102.0      0.8610E-02
   103.0      0.8725E-02
   104.0      0.8691E-02
   105.0      0.8516E-02
   106.0      0.8217E-02
   107.0      0.7820E-02
   108.0      0.7353E-02
   109.0      0.6847E-02
   110.0      0.6332E-02
   111.0      0.5836E-02
   112.0      0.5382E-02
   113.0      0.4986E-02
   114.0      0.4663E-02
   115.0      0.4419E-02
   116.0      0.4256E-02
   117.0      0.4170E-02
   118.0      0.4154E-02
   119.0      0.4198E-02
   120.0      0.4287E-02
   121.0      0.4407E-02
   122.0      0.4542E-02
   123.0      0.4675E-02
   124.0      0.4792E-02
   125.0      0.4879E-02
   126.0      0.4925E-02
   127.0      0.4921E-02
   128.0      0.4864E-02
   129.0      0.4752E-02
   130.0      0.4589E-02
   131.0      0.4382E-02
   132.0      0.4141E-02
   133.0      0.3879E-02
   134.0      0.3608E-02
   135.0      0.3344E-02
   136.0      0.3101E-02
   137.0      0.2889E-02
   138.0      0.2717E-02
   139.0      0.2592E-02
   140.0      0.2514E-02
   141.0      0.2481E-02
   142.0      0.2487E-02
   143.0      0.2523E-02
   144.0      0.2578E-02
   145.0      0.2641E-02
   146.0      0.2699E-02
   147.0      0.2743E-02
   148.0      0.2764E-02
   149.0      0.2759E-02
   150.0      0.2726E-02
   151.0      0.2670E-02
   152.0      0.2596E-02
   153.0      0.2514E-02
   154.0      0.2435E-02
   155.0      0.2372E-02
   156.0      0.2336E-02
   157.0      0.2337E-02
   158.0      0.2380E-02
   159.0      0.2470E-02
   160.0      0.2606E-02
   161.0      0.2781E-02
   162.0      0.2987E-02
   163.0      0.3211E-02
   164.0      0.3439E-02
   165.0      0.3654E-02
   166.0      0.3840E-02
   167.0      0.3985E-02
   168.0      0.4076E-02
   169.0      0.4107E-02
   170.0      0.4076E-02
   171.0      0.3985E-02
   172.0      0.3842E-02
   173.0      0.3657E-02
   174.0      0.3446E-02
   175.0      0.3226E-02
   176.0      0.3015E-02
   177.0      0.2829E-02
   178.0      0.2685E-02
   179.0      0.2593E-02
   180.0      0.2562E-02
 END
