# 181 angles,  1 tensor ranks for 0=projectile
@subtitle   "46Ar(3He,d)47K - 374 MeV - DWBA post full complex remnant;"                    
@legend ON
@legend x1 0.2
@legend y1 0.8
@g0 type LOGY
@yaxis ticklabel format power
@legend string   0 "Lab energy =  364.0000"
#legend string   0 "Partition=  2 Excit=  1 near/far= 1"
#  Theta       sigma       iT11        T20         T21         T22         Kyy for projectile
   0.000       29.87    
   1.000       29.14    
   2.000       27.04    
   3.000       23.79    
   4.000       19.77    
   5.000       15.40    
   6.000       11.10    
   7.000       7.249    
   8.000       4.129    
   9.000       1.892    
   10.00      0.5614    
   11.00      0.4541E-01
   12.00      0.1675    
   13.00      0.7044    
   14.00       1.426    
   15.00       2.129    
   16.00       2.663    
   17.00       2.942    
   18.00       2.942    
   19.00       2.694    
   20.00       2.267    
   21.00       1.747    
   22.00       1.220    
   23.00      0.7583    
   24.00      0.4108    
   25.00      0.1990    
   26.00      0.1196    
   27.00      0.1490    
   28.00      0.2517    
   29.00      0.3876    
   30.00      0.5197    
   31.00      0.6192    
   32.00      0.6684    
   33.00      0.6615    
   34.00      0.6035    
   35.00      0.5071    
   36.00      0.3895    
   37.00      0.2691    
   38.00      0.1622    
   39.00      0.8133E-01
   40.00      0.3344E-01
   41.00      0.2010E-01
   42.00      0.3799E-01
   43.00      0.8007E-01
   44.00      0.1371    
   45.00      0.1992    
   46.00      0.2571    
   47.00      0.3036    
   48.00      0.3336    
   49.00      0.3449    
   50.00      0.3377    
   51.00      0.3143    
   52.00      0.2786    
   53.00      0.2351    
   54.00      0.1887    
   55.00      0.1436    
   56.00      0.1032    
   57.00      0.7007E-01
   58.00      0.4534E-01
   59.00      0.2921E-01
   60.00      0.2095E-01
   61.00      0.1919E-01
   62.00      0.2218E-01
   63.00      0.2805E-01
   64.00      0.3506E-01
   65.00      0.4173E-01
   66.00      0.4697E-01
   67.00      0.5011E-01
   68.00      0.5089E-01
   69.00      0.4939E-01
   70.00      0.4596E-01
   71.00      0.4113E-01
   72.00      0.3547E-01
   73.00      0.2957E-01
   74.00      0.2394E-01
   75.00      0.1894E-01
   76.00      0.1484E-01
   77.00      0.1173E-01
   78.00      0.9608E-02
   79.00      0.8349E-02
   80.00      0.7780E-02
   81.00      0.7696E-02
   82.00      0.7887E-02
   83.00      0.8172E-02
   84.00      0.8406E-02
   85.00      0.8493E-02
   86.00      0.8388E-02
   87.00      0.8092E-02
   88.00      0.7638E-02
   89.00      0.7085E-02
   90.00      0.6505E-02
   91.00      0.5967E-02
   92.00      0.5531E-02
   93.00      0.5244E-02
   94.00      0.5130E-02
   95.00      0.5191E-02
   96.00      0.5415E-02
   97.00      0.5768E-02
   98.00      0.6210E-02
   99.00      0.6694E-02
   100.0      0.7171E-02
   101.0      0.7598E-02
   102.0      0.7937E-02
   103.0      0.8163E-02
   104.0      0.8260E-02
   105.0      0.8223E-02
   106.0      0.8059E-02
   107.0      0.7781E-02
   108.0      0.7410E-02
   109.0      0.6973E-02
   110.0      0.6495E-02
   111.0      0.6007E-02
   112.0      0.5532E-02
   113.0      0.5095E-02
   114.0      0.4714E-02
   115.0      0.4404E-02
   116.0      0.4172E-02
   117.0      0.4023E-02
   118.0      0.3953E-02
   119.0      0.3957E-02
   120.0      0.4024E-02
   121.0      0.4138E-02
   122.0      0.4285E-02
   123.0      0.4445E-02
   124.0      0.4601E-02
   125.0      0.4735E-02
   126.0      0.4834E-02
   127.0      0.4885E-02
   128.0      0.4880E-02
   129.0      0.4815E-02
   130.0      0.4692E-02
   131.0      0.4516E-02
   132.0      0.4296E-02
   133.0      0.4044E-02
   134.0      0.3776E-02
   135.0      0.3506E-02
   136.0      0.3249E-02
   137.0      0.3020E-02
   138.0      0.2829E-02
   139.0      0.2682E-02
   140.0      0.2583E-02
   141.0      0.2531E-02
   142.0      0.2520E-02
   143.0      0.2542E-02
   144.0      0.2587E-02
   145.0      0.2642E-02
   146.0      0.2697E-02
   147.0      0.2740E-02
   148.0      0.2765E-02
   149.0      0.2765E-02
   150.0      0.2742E-02
   151.0      0.2697E-02
   152.0      0.2637E-02
   153.0      0.2571E-02
   154.0      0.2511E-02
   155.0      0.2468E-02
   156.0      0.2453E-02
   157.0      0.2476E-02
   158.0      0.2543E-02
   159.0      0.2655E-02
   160.0      0.2812E-02
   161.0      0.3007E-02
   162.0      0.3230E-02
   163.0      0.3467E-02
   164.0      0.3702E-02
   165.0      0.3919E-02
   166.0      0.4102E-02
   167.0      0.4237E-02
   168.0      0.4312E-02
   169.0      0.4322E-02
   170.0      0.4264E-02
   171.0      0.4142E-02
   172.0      0.3964E-02
   173.0      0.3744E-02
   174.0      0.3498E-02
   175.0      0.3245E-02
   176.0      0.3004E-02
   177.0      0.2794E-02
   178.0      0.2631E-02
   179.0      0.2527E-02
   180.0      0.2492E-02
 END
