# 181 angles,  1 tensor ranks for 0=projectile
@subtitle   "46Ar(3He,d)47K - 374 MeV - DWBA post full complex remnant;"                    
@legend ON
@legend x1 0.2
@legend y1 0.8
@g0 type LOGY
@yaxis ticklabel format power
@legend string   0 "Lab energy =  349.0000"
#legend string   0 "Partition=  2 Excit=  1 near/far= 1"
#  Theta       sigma       iT11        T20         T21         T22         Kyy for projectile
   0.000       27.82    
   1.000       27.16    
   2.000       25.25    
   3.000       22.31    
   4.000       18.65    
   5.000       14.64    
   6.000       10.67    
   7.000       7.077    
   8.000       4.126    
   9.000       1.967    
   10.00      0.6364    
   11.00      0.6881E-01
   12.00      0.1167    
   13.00      0.5849    
   14.00       1.265    
   15.00       1.966    
   16.00       2.538    
   17.00       2.886    
   18.00       2.974    
   19.00       2.814    
   20.00       2.459    
   21.00       1.984    
   22.00       1.469    
   23.00      0.9852    
   24.00      0.5884    
   25.00      0.3095    
   26.00      0.1564    
   27.00      0.1169    
   28.00      0.1642    
   29.00      0.2642    
   30.00      0.3819    
   31.00      0.4871    
   32.00      0.5578    
   33.00      0.5824    
   34.00      0.5594    
   35.00      0.4954    
   36.00      0.4031    
   37.00      0.2981    
   38.00      0.1959    
   39.00      0.1099    
   40.00      0.4932E-01
   41.00      0.1890E-01
   42.00      0.1865E-01
   43.00      0.4461E-01
   44.00      0.8991E-01
   45.00      0.1461    
   46.00      0.2045    
   47.00      0.2572    
   48.00      0.2980    
   49.00      0.3230    
   50.00      0.3306    
   51.00      0.3214    
   52.00      0.2976    
   53.00      0.2629    
   54.00      0.2215    
   55.00      0.1777    
   56.00      0.1354    
   57.00      0.9772E-01
   58.00      0.6684E-01
   59.00      0.4389E-01
   60.00      0.2907E-01
   61.00      0.2170E-01
   62.00      0.2056E-01
   63.00      0.2402E-01
   64.00      0.3035E-01
   65.00      0.3787E-01
   66.00      0.4517E-01
   67.00      0.5113E-01
   68.00      0.5504E-01
   69.00      0.5656E-01
   70.00      0.5570E-01
   71.00      0.5271E-01
   72.00      0.4806E-01
   73.00      0.4230E-01
   74.00      0.3600E-01
   75.00      0.2970E-01
   76.00      0.2383E-01
   77.00      0.1871E-01
   78.00      0.1453E-01
   79.00      0.1137E-01
   80.00      0.9172E-02
   81.00      0.7829E-02
   82.00      0.7170E-02
   83.00      0.7002E-02
   84.00      0.7136E-02
   85.00      0.7401E-02
   86.00      0.7664E-02
   87.00      0.7831E-02
   88.00      0.7850E-02
   89.00      0.7709E-02
   90.00      0.7425E-02
   91.00      0.7039E-02
   92.00      0.6602E-02
   93.00      0.6169E-02
   94.00      0.5791E-02
   95.00      0.5508E-02
   96.00      0.5346E-02
   97.00      0.5316E-02
   98.00      0.5411E-02
   99.00      0.5616E-02
   100.0      0.5900E-02
   101.0      0.6232E-02
   102.0      0.6573E-02
   103.0      0.6887E-02
   104.0      0.7143E-02
   105.0      0.7316E-02
   106.0      0.7388E-02
   107.0      0.7350E-02
   108.0      0.7202E-02
   109.0      0.6954E-02
   110.0      0.6619E-02
   111.0      0.6221E-02
   112.0      0.5782E-02
   113.0      0.5330E-02
   114.0      0.4890E-02
   115.0      0.4486E-02
   116.0      0.4140E-02
   117.0      0.3866E-02
   118.0      0.3675E-02
   119.0      0.3570E-02
   120.0      0.3548E-02
   121.0      0.3602E-02
   122.0      0.3717E-02
   123.0      0.3877E-02
   124.0      0.4062E-02
   125.0      0.4250E-02
   126.0      0.4423E-02
   127.0      0.4563E-02
   128.0      0.4655E-02
   129.0      0.4690E-02
   130.0      0.4664E-02
   131.0      0.4577E-02
   132.0      0.4435E-02
   133.0      0.4248E-02
   134.0      0.4028E-02
   135.0      0.3792E-02
   136.0      0.3554E-02
   137.0      0.3329E-02
   138.0      0.3128E-02
   139.0      0.2962E-02
   140.0      0.2835E-02
   141.0      0.2748E-02
   142.0      0.2698E-02
   143.0      0.2679E-02
   144.0      0.2684E-02
   145.0      0.2701E-02
   146.0      0.2721E-02
   147.0      0.2736E-02
   148.0      0.2739E-02
   149.0      0.2727E-02
   150.0      0.2699E-02
   151.0      0.2661E-02
   152.0      0.2617E-02
   153.0      0.2578E-02
   154.0      0.2555E-02
   155.0      0.2557E-02
   156.0      0.2596E-02
   157.0      0.2677E-02
   158.0      0.2806E-02
   159.0      0.2982E-02
   160.0      0.3201E-02
   161.0      0.3453E-02
   162.0      0.3726E-02
   163.0      0.4004E-02
   164.0      0.4268E-02
   165.0      0.4500E-02
   166.0      0.4684E-02
   167.0      0.4804E-02
   168.0      0.4851E-02
   169.0      0.4817E-02
   170.0      0.4705E-02
   171.0      0.4518E-02
   172.0      0.4269E-02
   173.0      0.3975E-02
   174.0      0.3655E-02
   175.0      0.3331E-02
   176.0      0.3027E-02
   177.0      0.2764E-02
   178.0      0.2562E-02
   179.0      0.2434E-02
   180.0      0.2390E-02
 END
