# 181 angles,  1 tensor ranks for 0=projectile
@subtitle   "46Ar(3He,d)47K - 374 MeV - DWBA post full complex remnant;"                    
@legend ON
@legend x1 0.2
@legend y1 0.8
@g0 type LOGY
@yaxis ticklabel format power
@legend string   0 "Lab energy =  356.0000"
#legend string   0 "Partition=  2 Excit=  1 near/far= 1"
#  Theta       sigma       iT11        T20         T21         T22         Kyy for projectile
   0.000       28.80    
   1.000       28.10    
   2.000       26.10    
   3.000       23.02    
   4.000       19.19    
   5.000       15.01    
   6.000       10.88    
   7.000       7.168    
   8.000       4.135    
   9.000       1.935    
   10.00      0.6023    
   11.00      0.5709E-01
   12.00      0.1390    
   13.00      0.6398    
   14.00       1.340    
   15.00       2.044    
   16.00       2.600    
   17.00       2.918    
   18.00       2.965    
   19.00       2.764    
   20.00       2.374    
   21.00       1.876    
   22.00       1.353    
   23.00      0.8775    
   24.00      0.5018    
   25.00      0.2530    
   26.00      0.1338    
   27.00      0.1267    
   28.00      0.2008    
   29.00      0.3189    
   30.00      0.4449    
   31.00      0.5489    
   32.00      0.6108    
   33.00      0.6215    
   34.00      0.5823    
   35.00      0.5030    
   36.00      0.3983    
   37.00      0.2853    
   38.00      0.1801    
   39.00      0.9565E-01
   40.00      0.4045E-01
   41.00      0.1775E-01
   42.00      0.2605E-01
   43.00      0.5990E-01
   44.00      0.1113    
   45.00      0.1709    
   46.00      0.2298    
   47.00      0.2803    
   48.00      0.3166    
   49.00      0.3355    
   50.00      0.3363    
   51.00      0.3203    
   52.00      0.2906    
   53.00      0.2514    
   54.00      0.2072    
   55.00      0.1622    
   56.00      0.1204    
   57.00      0.8447E-01
   58.00      0.5624E-01
   59.00      0.3639E-01
   60.00      0.2467E-01
   61.00      0.2005E-01
   62.00      0.2103E-01
   63.00      0.2585E-01
   64.00      0.3272E-01
   65.00      0.4003E-01
   66.00      0.4650E-01
   67.00      0.5121E-01
   68.00      0.5365E-01
   69.00      0.5369E-01
   70.00      0.5151E-01
   71.00      0.4750E-01
   72.00      0.4220E-01
   73.00      0.3621E-01
   74.00      0.3007E-01
   75.00      0.2426E-01
   76.00      0.1914E-01
   77.00      0.1493E-01
   78.00      0.1172E-01
   79.00      0.9485E-02
   80.00      0.8120E-02
   81.00      0.7452E-02
   82.00      0.7284E-02
   83.00      0.7418E-02
   84.00      0.7676E-02
   85.00      0.7920E-02
   86.00      0.8052E-02
   87.00      0.8021E-02
   88.00      0.7819E-02
   89.00      0.7468E-02
   90.00      0.7016E-02
   91.00      0.6522E-02
   92.00      0.6047E-02
   93.00      0.5646E-02
   94.00      0.5361E-02
   95.00      0.5218E-02
   96.00      0.5226E-02
   97.00      0.5375E-02
   98.00      0.5643E-02
   99.00      0.5996E-02
   100.0      0.6396E-02
   101.0      0.6800E-02
   102.0      0.7170E-02
   103.0      0.7472E-02
   104.0      0.7679E-02
   105.0      0.7774E-02
   106.0      0.7749E-02
   107.0      0.7607E-02
   108.0      0.7357E-02
   109.0      0.7017E-02
   110.0      0.6608E-02
   111.0      0.6156E-02
   112.0      0.5687E-02
   113.0      0.5229E-02
   114.0      0.4804E-02
   115.0      0.4433E-02
   116.0      0.4132E-02
   117.0      0.3911E-02
   118.0      0.3775E-02
   119.0      0.3723E-02
   120.0      0.3747E-02
   121.0      0.3836E-02
   122.0      0.3975E-02
   123.0      0.4145E-02
   124.0      0.4327E-02
   125.0      0.4500E-02
   126.0      0.4647E-02
   127.0      0.4752E-02
   128.0      0.4803E-02
   129.0      0.4793E-02
   130.0      0.4722E-02
   131.0      0.4590E-02
   132.0      0.4407E-02
   133.0      0.4183E-02
   134.0      0.3934E-02
   135.0      0.3674E-02
   136.0      0.3419E-02
   137.0      0.3184E-02
   138.0      0.2981E-02
   139.0      0.2818E-02
   140.0      0.2700E-02
   141.0      0.2627E-02
   142.0      0.2594E-02
   143.0      0.2596E-02
   144.0      0.2621E-02
   145.0      0.2660E-02
   146.0      0.2700E-02
   147.0      0.2733E-02
   148.0      0.2752E-02
   149.0      0.2750E-02
   150.0      0.2729E-02
   151.0      0.2692E-02
   152.0      0.2644E-02
   153.0      0.2595E-02
   154.0      0.2556E-02
   155.0      0.2538E-02
   156.0      0.2551E-02
   157.0      0.2604E-02
   158.0      0.2703E-02
   159.0      0.2847E-02
   160.0      0.3035E-02
   161.0      0.3258E-02
   162.0      0.3505E-02
   163.0      0.3761E-02
   164.0      0.4009E-02
   165.0      0.4232E-02
   166.0      0.4413E-02
   167.0      0.4537E-02
   168.0      0.4595E-02
   169.0      0.4580E-02
   170.0      0.4490E-02
   171.0      0.4332E-02
   172.0      0.4115E-02
   173.0      0.3853E-02
   174.0      0.3566E-02
   175.0      0.3274E-02
   176.0      0.2999E-02
   177.0      0.2759E-02
   178.0      0.2574E-02
   179.0      0.2458E-02
   180.0      0.2418E-02
 END
