# 181 angles,  1 tensor ranks for 0=projectile
@subtitle   "46Ar(3He,d)47K - 374 MeV - DWBA post full complex remnant;"                    
@legend ON
@legend x1 0.2
@legend y1 0.8
@g0 type LOGY
@yaxis ticklabel format power
@legend string   0 "Lab energy =  341.0000"
#legend string   0 "Partition=  2 Excit=  1 near/far= 1"
#  Theta       sigma       iT11        T20         T21         T22         Kyy for projectile
   0.000       26.65    
   1.000       26.03    
   2.000       24.23    
   3.000       21.45    
   4.000       17.99    
   5.000       14.18    
   6.000       10.39    
   7.000       6.951    
   8.000       4.101    
   9.000       1.994    
   10.00      0.6730    
   11.00      0.8368E-01
   12.00      0.9411E-01
   13.00      0.5242    
   14.00       1.178    
   15.00       1.871    
   16.00       2.457    
   17.00       2.838    
   18.00       2.970    
   19.00       2.857    
   20.00       2.545    
   21.00       2.100    
   22.00       1.598    
   23.00       1.110    
   24.00      0.6939    
   25.00      0.3839    
   26.00      0.1938    
   27.00      0.1171    
   28.00      0.1323    
   29.00      0.2090    
   30.00      0.3141    
   31.00      0.4173    
   32.00      0.4954    
   33.00      0.5340    
   34.00      0.5284    
   35.00      0.4821    
   36.00      0.4050    
   37.00      0.3108    
   38.00      0.2140    
   39.00      0.1278    
   40.00      0.6251E-01
   41.00      0.2407E-01
   42.00      0.1420E-01
   43.00      0.3060E-01
   44.00      0.6787E-01
   45.00      0.1186    
   46.00      0.1747    
   47.00      0.2284    
   48.00      0.2731    
   49.00      0.3042    
   50.00      0.3192    
   51.00      0.3177    
   52.00      0.3011    
   53.00      0.2724    
   54.00      0.2353    
   55.00      0.1938    
   56.00      0.1520    
   57.00      0.1131    
   58.00      0.7984E-01
   59.00      0.5371E-01
   60.00      0.3541E-01
   61.00      0.2474E-01
   62.00      0.2081E-01
   63.00      0.2227E-01
   64.00      0.2748E-01
   65.00      0.3479E-01
   66.00      0.4266E-01
   67.00      0.4981E-01
   68.00      0.5532E-01
   69.00      0.5860E-01
   70.00      0.5944E-01
   71.00      0.5792E-01
   72.00      0.5437E-01
   73.00      0.4926E-01
   74.00      0.4315E-01
   75.00      0.3659E-01
   76.00      0.3011E-01
   77.00      0.2411E-01
   78.00      0.1889E-01
   79.00      0.1463E-01
   80.00      0.1138E-01
   81.00      0.9105E-02
   82.00      0.7694E-02
   83.00      0.6980E-02
   84.00      0.6778E-02
   85.00      0.6901E-02
   86.00      0.7185E-02
   87.00      0.7492E-02
   88.00      0.7726E-02
   89.00      0.7828E-02
   90.00      0.7776E-02
   91.00      0.7578E-02
   92.00      0.7265E-02
   93.00      0.6883E-02
   94.00      0.6480E-02
   95.00      0.6106E-02
   96.00      0.5800E-02
   97.00      0.5590E-02
   98.00      0.5492E-02
   99.00      0.5506E-02
   100.0      0.5622E-02
   101.0      0.5818E-02
   102.0      0.6064E-02
   103.0      0.6329E-02
   104.0      0.6578E-02
   105.0      0.6783E-02
   106.0      0.6918E-02
   107.0      0.6965E-02
   108.0      0.6914E-02
   109.0      0.6763E-02
   110.0      0.6519E-02
   111.0      0.6197E-02
   112.0      0.5815E-02
   113.0      0.5397E-02
   114.0      0.4969E-02
   115.0      0.4557E-02
   116.0      0.4183E-02
   117.0      0.3868E-02
   118.0      0.3626E-02
   119.0      0.3466E-02
   120.0      0.3390E-02
   121.0      0.3393E-02
   122.0      0.3467E-02
   123.0      0.3595E-02
   124.0      0.3762E-02
   125.0      0.3945E-02
   126.0      0.4127E-02
   127.0      0.4287E-02
   128.0      0.4410E-02
   129.0      0.4485E-02
   130.0      0.4506E-02
   131.0      0.4469E-02
   132.0      0.4379E-02
   133.0      0.4243E-02
   134.0      0.4071E-02
   135.0      0.3878E-02
   136.0      0.3676E-02
   137.0      0.3479E-02
   138.0      0.3298E-02
   139.0      0.3142E-02
   140.0      0.3016E-02
   141.0      0.2923E-02
   142.0      0.2858E-02
   143.0      0.2819E-02
   144.0      0.2798E-02
   145.0      0.2786E-02
   146.0      0.2776E-02
   147.0      0.2761E-02
   148.0      0.2737E-02
   149.0      0.2701E-02
   150.0      0.2655E-02
   151.0      0.2605E-02
   152.0      0.2557E-02
   153.0      0.2521E-02
   154.0      0.2508E-02
   155.0      0.2529E-02
   156.0      0.2593E-02
   157.0      0.2705E-02
   158.0      0.2869E-02
   159.0      0.3083E-02
   160.0      0.3340E-02
   161.0      0.3629E-02
   162.0      0.3937E-02
   163.0      0.4245E-02
   164.0      0.4534E-02
   165.0      0.4785E-02
   166.0      0.4980E-02
   167.0      0.5104E-02
   168.0      0.5146E-02
   169.0      0.5101E-02
   170.0      0.4971E-02
   171.0      0.4761E-02
   172.0      0.4486E-02
   173.0      0.4162E-02
   174.0      0.3812E-02
   175.0      0.3460E-02
   176.0      0.3129E-02
   177.0      0.2845E-02
   178.0      0.2625E-02
   179.0      0.2487E-02
   180.0      0.2440E-02
 END
