# 181 angles,  1 tensor ranks for 0=projectile
@subtitle   "46Ar(3He,d)47K - 374 MeV - DWBA post full complex remnant;"                    
@legend ON
@legend x1 0.2
@legend y1 0.8
@g0 type LOGY
@yaxis ticklabel format power
@legend string   0 "Lab energy =  336.0000"
#legend string   0 "Partition=  2 Excit=  1 near/far= 1"
#  Theta       sigma       iT11        T20         T21         T22         Kyy for projectile
   0.000       25.91    
   1.000       25.31    
   2.000       23.58    
   3.000       20.90    
   4.000       17.55    
   5.000       13.88    
   6.000       10.21    
   7.000       6.861    
   8.000       4.078    
   9.000       2.007    
   10.00      0.6945    
   11.00      0.9368E-01
   12.00      0.8155E-01
   13.00      0.4875    
   14.00       1.123    
   15.00       1.810    
   16.00       2.402    
   17.00       2.801    
   18.00       2.959    
   19.00       2.876    
   20.00       2.591    
   21.00       2.167    
   22.00       1.676    
   23.00       1.189    
   24.00      0.7625    
   25.00      0.4351    
   26.00      0.2231    
   27.00      0.1235    
   28.00      0.1182    
   29.00      0.1791    
   30.00      0.2746    
   31.00      0.3748    
   32.00      0.4559    
   33.00      0.5021    
   34.00      0.5067    
   35.00      0.4714    
   36.00      0.4042    
   37.00      0.3174    
   38.00      0.2250    
   39.00      0.1398    
   40.00      0.7233E-01
   41.00      0.2945E-01
   42.00      0.1377E-01
   43.00      0.2404E-01
   44.00      0.5580E-01
   45.00      0.1024    
   46.00      0.1562    
   47.00      0.2096    
   48.00      0.2559    
   49.00      0.2902    
   50.00      0.3094    
   51.00      0.3126    
   52.00      0.3007    
   53.00      0.2760    
   54.00      0.2421    
   55.00      0.2027    
   56.00      0.1617    
   57.00      0.1226    
   58.00      0.8825E-01
   59.00      0.6039E-01
   60.00      0.4004E-01
   61.00      0.2728E-01
   62.00      0.2148E-01
   63.00      0.2146E-01
   64.00      0.2571E-01
   65.00      0.3262E-01
   66.00      0.4061E-01
   67.00      0.4834E-01
   68.00      0.5474E-01
   69.00      0.5910E-01
   70.00      0.6107E-01
   71.00      0.6060E-01
   72.00      0.5792E-01
   73.00      0.5343E-01
   74.00      0.4764E-01
   75.00      0.4113E-01
   76.00      0.3443E-01
   77.00      0.2800E-01
   78.00      0.2220E-01
   79.00      0.1727E-01
   80.00      0.1334E-01
   81.00      0.1043E-01
   82.00      0.8457E-02
   83.00      0.7295E-02
   84.00      0.6773E-02
   85.00      0.6706E-02
   86.00      0.6915E-02
   87.00      0.7244E-02
   88.00      0.7569E-02
   89.00      0.7806E-02
   90.00      0.7904E-02
   91.00      0.7848E-02
   92.00      0.7652E-02
   93.00      0.7347E-02
   94.00      0.6978E-02
   95.00      0.6591E-02
   96.00      0.6232E-02
   97.00      0.5938E-02
   98.00      0.5734E-02
   99.00      0.5632E-02
   100.0      0.5632E-02
   101.0      0.5723E-02
   102.0      0.5882E-02
   103.0      0.6082E-02
   104.0      0.6292E-02
   105.0      0.6483E-02
   106.0      0.6626E-02
   107.0      0.6700E-02
   108.0      0.6690E-02
   109.0      0.6588E-02
   110.0      0.6397E-02
   111.0      0.6124E-02
   112.0      0.5786E-02
   113.0      0.5402E-02
   114.0      0.4997E-02
   115.0      0.4595E-02
   116.0      0.4219E-02
   117.0      0.3892E-02
   118.0      0.3628E-02
   119.0      0.3440E-02
   120.0      0.3333E-02
   121.0      0.3303E-02
   122.0      0.3346E-02
   123.0      0.3447E-02
   124.0      0.3592E-02
   125.0      0.3761E-02
   126.0      0.3935E-02
   127.0      0.4096E-02
   128.0      0.4229E-02
   129.0      0.4321E-02
   130.0      0.4364E-02
   131.0      0.4356E-02
   132.0      0.4298E-02
   133.0      0.4196E-02
   134.0      0.4059E-02
   135.0      0.3898E-02
   136.0      0.3727E-02
   137.0      0.3556E-02
   138.0      0.3396E-02
   139.0      0.3255E-02
   140.0      0.3138E-02
   141.0      0.3046E-02
   142.0      0.2977E-02
   143.0      0.2928E-02
   144.0      0.2892E-02
   145.0      0.2861E-02
   146.0      0.2830E-02
   147.0      0.2793E-02
   148.0      0.2747E-02
   149.0      0.2691E-02
   150.0      0.2628E-02
   151.0      0.2564E-02
   152.0      0.2508E-02
   153.0      0.2469E-02
   154.0      0.2458E-02
   155.0      0.2487E-02
   156.0      0.2563E-02
   157.0      0.2692E-02
   158.0      0.2876E-02
   159.0      0.3112E-02
   160.0      0.3393E-02
   161.0      0.3707E-02
   162.0      0.4039E-02
   163.0      0.4369E-02
   164.0      0.4677E-02
   165.0      0.4944E-02
   166.0      0.5151E-02
   167.0      0.5282E-02
   168.0      0.5328E-02
   169.0      0.5283E-02
   170.0      0.5148E-02
   171.0      0.4931E-02
   172.0      0.4645E-02
   173.0      0.4310E-02
   174.0      0.3948E-02
   175.0      0.3583E-02
   176.0      0.3241E-02
   177.0      0.2946E-02
   178.0      0.2719E-02
   179.0      0.2576E-02
   180.0      0.2528E-02
 END
