# 181 angles,  1 tensor ranks for 0=projectile
@subtitle   "46Ar(3He,d)47K - 374 MeV - DWBA post full complex remnant;"                    
@legend ON
@legend x1 0.2
@legend y1 0.8
@g0 type LOGY
@yaxis ticklabel format power
@legend string   0 "Lab energy =  400.0000"
#legend string   0 "Partition=  2 Excit=  2 near/far= 1"
#  Theta       sigma       iT11        T20         T21         T22         Kyy for projectile
   0.000       1.889    
   1.000       1.840    
   2.000       1.708    
   3.000       1.535    
   4.000       1.377    
   5.000       1.296    
   6.000       1.336    
   7.000       1.520    
   8.000       1.839    
   9.000       2.253    
   10.00       2.701    
   11.00       3.109    
   12.00       3.408    
   13.00       3.547    
   14.00       3.497    
   15.00       3.260    
   16.00       2.865    
   17.00       2.362    
   18.00       1.813    
   19.00       1.278    
   20.00      0.8124    
   21.00      0.4524    
   22.00      0.2169    
   23.00      0.1050    
   24.00      0.9968E-01
   25.00      0.1728    
   26.00      0.2910    
   27.00      0.4212    
   28.00      0.5358    
   29.00      0.6153    
   30.00      0.6496    
   31.00      0.6379    
   32.00      0.5868    
   33.00      0.5076    
   34.00      0.4140    
   35.00      0.3193    
   36.00      0.2344    
   37.00      0.1669    
   38.00      0.1203    
   39.00      0.9456E-01
   40.00      0.8650E-01
   41.00      0.9119E-01
   42.00      0.1029    
   43.00      0.1162    
   44.00      0.1267    
   45.00      0.1314    
   46.00      0.1292    
   47.00      0.1201    
   48.00      0.1058    
   49.00      0.8847E-01
   50.00      0.7053E-01
   51.00      0.5432E-01
   52.00      0.4167E-01
   53.00      0.3369E-01
   54.00      0.3072E-01
   55.00      0.3240E-01
   56.00      0.3778E-01
   57.00      0.4554E-01
   58.00      0.5424E-01
   59.00      0.6246E-01
   60.00      0.6904E-01
   61.00      0.7316E-01
   62.00      0.7437E-01
   63.00      0.7265E-01
   64.00      0.6831E-01
   65.00      0.6190E-01
   66.00      0.5417E-01
   67.00      0.4588E-01
   68.00      0.3779E-01
   69.00      0.3051E-01
   70.00      0.2451E-01
   71.00      0.2006E-01
   72.00      0.1722E-01
   73.00      0.1592E-01
   74.00      0.1593E-01
   75.00      0.1693E-01
   76.00      0.1857E-01
   77.00      0.2049E-01
   78.00      0.2235E-01
   79.00      0.2391E-01
   80.00      0.2496E-01
   81.00      0.2541E-01
   82.00      0.2522E-01
   83.00      0.2443E-01
   84.00      0.2313E-01
   85.00      0.2144E-01
   86.00      0.1952E-01
   87.00      0.1750E-01
   88.00      0.1551E-01
   89.00      0.1366E-01
   90.00      0.1204E-01
   91.00      0.1069E-01
   92.00      0.9638E-02
   93.00      0.8874E-02
   94.00      0.8374E-02
   95.00      0.8097E-02
   96.00      0.7993E-02
   97.00      0.8008E-02
   98.00      0.8091E-02
   99.00      0.8197E-02
   100.0      0.8289E-02
   101.0      0.8339E-02
   102.0      0.8330E-02
   103.0      0.8255E-02
   104.0      0.8115E-02
   105.0      0.7916E-02
   106.0      0.7668E-02
   107.0      0.7386E-02
   108.0      0.7084E-02
   109.0      0.6774E-02
   110.0      0.6467E-02
   111.0      0.6172E-02
   112.0      0.5894E-02
   113.0      0.5637E-02
   114.0      0.5402E-02
   115.0      0.5187E-02
   116.0      0.4992E-02
   117.0      0.4813E-02
   118.0      0.4650E-02
   119.0      0.4499E-02
   120.0      0.4361E-02
   121.0      0.4236E-02
   122.0      0.4123E-02
   123.0      0.4023E-02
   124.0      0.3937E-02
   125.0      0.3866E-02
   126.0      0.3810E-02
   127.0      0.3767E-02
   128.0      0.3736E-02
   129.0      0.3714E-02
   130.0      0.3698E-02
   131.0      0.3683E-02
   132.0      0.3665E-02
   133.0      0.3640E-02
   134.0      0.3605E-02
   135.0      0.3556E-02
   136.0      0.3491E-02
   137.0      0.3411E-02
   138.0      0.3316E-02
   139.0      0.3208E-02
   140.0      0.3090E-02
   141.0      0.2969E-02
   142.0      0.2848E-02
   143.0      0.2734E-02
   144.0      0.2632E-02
   145.0      0.2546E-02
   146.0      0.2482E-02
   147.0      0.2442E-02
   148.0      0.2427E-02
   149.0      0.2439E-02
   150.0      0.2474E-02
   151.0      0.2532E-02
   152.0      0.2607E-02
   153.0      0.2695E-02
   154.0      0.2791E-02
   155.0      0.2890E-02
   156.0      0.2987E-02
   157.0      0.3080E-02
   158.0      0.3166E-02
   159.0      0.3244E-02
   160.0      0.3315E-02
   161.0      0.3382E-02
   162.0      0.3449E-02
   163.0      0.3522E-02
   164.0      0.3604E-02
   165.0      0.3703E-02
   166.0      0.3823E-02
   167.0      0.3969E-02
   168.0      0.4142E-02
   169.0      0.4342E-02
   170.0      0.4568E-02
   171.0      0.4815E-02
   172.0      0.5076E-02
   173.0      0.5343E-02
   174.0      0.5605E-02
   175.0      0.5852E-02
   176.0      0.6072E-02
   177.0      0.6256E-02
   178.0      0.6395E-02
   179.0      0.6480E-02
   180.0      0.6510E-02
 END
