# 181 angles,  1 tensor ranks for 0=projectile
@subtitle   "46Ar(3He,d)47K - 374 MeV - DWBA post full complex remnant;"                    
@legend ON
@legend x1 0.2
@legend y1 0.8
@g0 type LOGY
@yaxis ticklabel format power
@legend string   0 "Lab energy =  386.0000"
#legend string   0 "Partition=  2 Excit=  2 near/far= 1"
#  Theta       sigma       iT11        T20         T21         T22         Kyy for projectile
   0.000       1.930    
   1.000       1.883    
   2.000       1.755    
   3.000       1.585    
   4.000       1.425    
   5.000       1.331    
   6.000       1.347    
   7.000       1.496    
   8.000       1.773    
   9.000       2.146    
   10.00       2.559    
   11.00       2.947    
   12.00       3.245    
   13.00       3.402    
   14.00       3.387    
   15.00       3.196    
   16.00       2.850    
   17.00       2.392    
   18.00       1.875    
   19.00       1.358    
   20.00      0.8921    
   21.00      0.5176    
   22.00      0.2568    
   23.00      0.1147    
   24.00      0.8025E-01
   25.00      0.1304    
   26.00      0.2352    
   27.00      0.3634    
   28.00      0.4866    
   29.00      0.5832    
   30.00      0.6397    
   31.00      0.6513    
   32.00      0.6211    
   33.00      0.5576    
   34.00      0.4728    
   35.00      0.3793    
   36.00      0.2890    
   37.00      0.2108    
   38.00      0.1505    
   39.00      0.1102    
   40.00      0.8882E-01
   41.00      0.8295E-01
   42.00      0.8784E-01
   43.00      0.9829E-01
   44.00      0.1095    
   45.00      0.1179    
   46.00      0.1210    
   47.00      0.1180    
   48.00      0.1093    
   49.00      0.9627E-01
   50.00      0.8096E-01
   51.00      0.6547E-01
   52.00      0.5175E-01
   53.00      0.4129E-01
   54.00      0.3497E-01
   55.00      0.3298E-01
   56.00      0.3493E-01
   57.00      0.3995E-01
   58.00      0.4687E-01
   59.00      0.5442E-01
   60.00      0.6139E-01
   61.00      0.6680E-01
   62.00      0.6994E-01
   63.00      0.7048E-01
   64.00      0.6842E-01
   65.00      0.6404E-01
   66.00      0.5787E-01
   67.00      0.5057E-01
   68.00      0.4283E-01
   69.00      0.3531E-01
   70.00      0.2857E-01
   71.00      0.2303E-01
   72.00      0.1892E-01
   73.00      0.1633E-01
   74.00      0.1516E-01
   75.00      0.1523E-01
   76.00      0.1624E-01
   77.00      0.1786E-01
   78.00      0.1976E-01
   79.00      0.2163E-01
   80.00      0.2323E-01
   81.00      0.2436E-01
   82.00      0.2491E-01
   83.00      0.2485E-01
   84.00      0.2419E-01
   85.00      0.2303E-01
   86.00      0.2146E-01
   87.00      0.1963E-01
   88.00      0.1767E-01
   89.00      0.1571E-01
   90.00      0.1386E-01
   91.00      0.1220E-01
   92.00      0.1079E-01
   93.00      0.9673E-02
   94.00      0.8838E-02
   95.00      0.8271E-02
   96.00      0.7937E-02
   97.00      0.7792E-02
   98.00      0.7786E-02
   99.00      0.7869E-02
   100.0      0.7994E-02
   101.0      0.8123E-02
   102.0      0.8225E-02
   103.0      0.8278E-02
   104.0      0.8271E-02
   105.0      0.8199E-02
   106.0      0.8063E-02
   107.0      0.7871E-02
   108.0      0.7633E-02
   109.0      0.7360E-02
   110.0      0.7063E-02
   111.0      0.6754E-02
   112.0      0.6440E-02
   113.0      0.6131E-02
   114.0      0.5830E-02
   115.0      0.5544E-02
   116.0      0.5274E-02
   117.0      0.5022E-02
   118.0      0.4791E-02
   119.0      0.4582E-02
   120.0      0.4396E-02
   121.0      0.4234E-02
   122.0      0.4098E-02
   123.0      0.3986E-02
   124.0      0.3900E-02
   125.0      0.3838E-02
   126.0      0.3799E-02
   127.0      0.3778E-02
   128.0      0.3773E-02
   129.0      0.3778E-02
   130.0      0.3788E-02
   131.0      0.3798E-02
   132.0      0.3801E-02
   133.0      0.3792E-02
   134.0      0.3768E-02
   135.0      0.3726E-02
   136.0      0.3664E-02
   137.0      0.3583E-02
   138.0      0.3483E-02
   139.0      0.3369E-02
   140.0      0.3244E-02
   141.0      0.3114E-02
   142.0      0.2985E-02
   143.0      0.2861E-02
   144.0      0.2750E-02
   145.0      0.2655E-02
   146.0      0.2581E-02
   147.0      0.2529E-02
   148.0      0.2502E-02
   149.0      0.2500E-02
   150.0      0.2521E-02
   151.0      0.2562E-02
   152.0      0.2621E-02
   153.0      0.2693E-02
   154.0      0.2775E-02
   155.0      0.2863E-02
   156.0      0.2952E-02
   157.0      0.3041E-02
   158.0      0.3128E-02
   159.0      0.3212E-02
   160.0      0.3295E-02
   161.0      0.3379E-02
   162.0      0.3466E-02
   163.0      0.3561E-02
   164.0      0.3667E-02
   165.0      0.3788E-02
   166.0      0.3928E-02
   167.0      0.4090E-02
   168.0      0.4273E-02
   169.0      0.4479E-02
   170.0      0.4704E-02
   171.0      0.4944E-02
   172.0      0.5193E-02
   173.0      0.5443E-02
   174.0      0.5686E-02
   175.0      0.5913E-02
   176.0      0.6114E-02
   177.0      0.6280E-02
   178.0      0.6405E-02
   179.0      0.6482E-02
   180.0      0.6508E-02
 END
