# 181 angles,  1 tensor ranks for 0=projectile
@subtitle   "46Ar(3He,d)47K - 374 MeV - DWBA post full complex remnant;"                    
@legend ON
@legend x1 0.2
@legend y1 0.8
@g0 type LOGY
@yaxis ticklabel format power
@legend string   0 "Lab energy =  379.0000"
#legend string   0 "Partition=  2 Excit=  2 near/far= 1"
#  Theta       sigma       iT11        T20         T21         T22         Kyy for projectile
   0.000       1.954    
   1.000       1.908    
   2.000       1.783    
   3.000       1.614    
   4.000       1.453    
   5.000       1.354    
   6.000       1.358    
   7.000       1.489    
   8.000       1.745    
   9.000       2.095    
   10.00       2.489    
   11.00       2.865    
   12.00       3.161    
   13.00       3.324    
   14.00       3.325    
   15.00       3.155    
   16.00       2.834    
   17.00       2.399    
   18.00       1.901    
   19.00       1.394    
   20.00      0.9317    
   21.00      0.5523    
   22.00      0.2806    
   23.00      0.1241    
   24.00      0.7484E-01
   25.00      0.1123    
   26.00      0.2088    
   27.00      0.3338    
   28.00      0.4594    
   29.00      0.5629    
   30.00      0.6295    
   31.00      0.6527    
   32.00      0.6336    
   33.00      0.5791    
   34.00      0.5002    
   35.00      0.4091    
   36.00      0.3176    
   37.00      0.2354    
   38.00      0.1691    
   39.00      0.1218    
   40.00      0.9346E-01
   41.00      0.8164E-01
   42.00      0.8217E-01
   43.00      0.9014E-01
   44.00      0.1008    
   45.00      0.1102    
   46.00      0.1155    
   47.00      0.1153    
   48.00      0.1095    
   49.00      0.9906E-01
   50.00      0.8561E-01
   51.00      0.7109E-01
   52.00      0.5742E-01
   53.00      0.4620E-01
   54.00      0.3851E-01
   55.00      0.3481E-01
   56.00      0.3498E-01
   57.00      0.3839E-01
   58.00      0.4408E-01
   59.00      0.5089E-01
   60.00      0.5765E-01
   61.00      0.6333E-01
   62.00      0.6716E-01
   63.00      0.6866E-01
   64.00      0.6769E-01
   65.00      0.6438E-01
   66.00      0.5914E-01
   67.00      0.5253E-01
   68.00      0.4520E-01
   69.00      0.3778E-01
   70.00      0.3088E-01
   71.00      0.2494E-01
   72.00      0.2028E-01
   73.00      0.1705E-01
   74.00      0.1525E-01
   75.00      0.1475E-01
   76.00      0.1531E-01
   77.00      0.1663E-01
   78.00      0.1841E-01
   79.00      0.2031E-01
   80.00      0.2207E-01
   81.00      0.2348E-01
   82.00      0.2438E-01
   83.00      0.2469E-01
   84.00      0.2440E-01
   85.00      0.2356E-01
   86.00      0.2226E-01
   87.00      0.2061E-01
   88.00      0.1875E-01
   89.00      0.1680E-01
   90.00      0.1489E-01
   91.00      0.1311E-01
   92.00      0.1155E-01
   93.00      0.1024E-01
   94.00      0.9215E-02
   95.00      0.8468E-02
   96.00      0.7978E-02
   97.00      0.7707E-02
   98.00      0.7612E-02
   99.00      0.7644E-02
   100.0      0.7755E-02
   101.0      0.7901E-02
   102.0      0.8047E-02
   103.0      0.8163E-02
   104.0      0.8229E-02
   105.0      0.8235E-02
   106.0      0.8175E-02
   107.0      0.8050E-02
   108.0      0.7867E-02
   109.0      0.7634E-02
   110.0      0.7362E-02
   111.0      0.7062E-02
   112.0      0.6742E-02
   113.0      0.6414E-02
   114.0      0.6085E-02
   115.0      0.5763E-02
   116.0      0.5453E-02
   117.0      0.5161E-02
   118.0      0.4890E-02
   119.0      0.4645E-02
   120.0      0.4428E-02
   121.0      0.4242E-02
   122.0      0.4088E-02
   123.0      0.3967E-02
   124.0      0.3877E-02
   125.0      0.3817E-02
   126.0      0.3785E-02
   127.0      0.3775E-02
   128.0      0.3782E-02
   129.0      0.3802E-02
   130.0      0.3826E-02
   131.0      0.3848E-02
   132.0      0.3863E-02
   133.0      0.3864E-02
   134.0      0.3848E-02
   135.0      0.3811E-02
   136.0      0.3753E-02
   137.0      0.3673E-02
   138.0      0.3574E-02
   139.0      0.3458E-02
   140.0      0.3332E-02
   141.0      0.3200E-02
   142.0      0.3067E-02
   143.0      0.2940E-02
   144.0      0.2825E-02
   145.0      0.2725E-02
   146.0      0.2645E-02
   147.0      0.2586E-02
   148.0      0.2551E-02
   149.0      0.2540E-02
   150.0      0.2550E-02
   151.0      0.2581E-02
   152.0      0.2628E-02
   153.0      0.2690E-02
   154.0      0.2761E-02
   155.0      0.2840E-02
   156.0      0.2923E-02
   157.0      0.3008E-02
   158.0      0.3094E-02
   159.0      0.3181E-02
   160.0      0.3270E-02
   161.0      0.3362E-02
   162.0      0.3460E-02
   163.0      0.3567E-02
   164.0      0.3687E-02
   165.0      0.3822E-02
   166.0      0.3976E-02
   167.0      0.4149E-02
   168.0      0.4342E-02
   169.0      0.4555E-02
   170.0      0.4783E-02
   171.0      0.5024E-02
   172.0      0.5271E-02
   173.0      0.5517E-02
   174.0      0.5754E-02
   175.0      0.5973E-02
   176.0      0.6166E-02
   177.0      0.6326E-02
   178.0      0.6445E-02
   179.0      0.6519E-02
   180.0      0.6544E-02
 END
