# 181 angles,  1 tensor ranks for 0=projectile
@subtitle   "46Ar(3He,d)47K - 374 MeV - DWBA post full complex remnant;"                    
@legend ON
@legend x1 0.2
@legend y1 0.8
@g0 type LOGY
@yaxis ticklabel format power
@legend string   0 "Lab energy =  364.0000"
#legend string   0 "Partition=  2 Excit=  2 near/far= 1"
#  Theta       sigma       iT11        T20         T21         T22         Kyy for projectile
   0.000       2.013    
   1.000       1.969    
   2.000       1.849    
   3.000       1.685    
   4.000       1.523    
   5.000       1.411    
   6.000       1.391    
   7.000       1.485    
   8.000       1.694    
   9.000       1.995    
   10.00       2.346    
   11.00       2.692    
   12.00       2.975    
   13.00       3.148    
   14.00       3.177    
   15.00       3.051    
   16.00       2.782    
   17.00       2.398    
   18.00       1.942    
   19.00       1.465    
   20.00       1.014    
   21.00      0.6301    
   22.00      0.3394    
   23.00      0.1548    
   24.00      0.7403E-01
   25.00      0.8262E-01
   26.00      0.1575    
   27.00      0.2713    
   28.00      0.3971    
   29.00      0.5113    
   30.00      0.5967    
   31.00      0.6431    
   32.00      0.6480    
   33.00      0.6149    
   34.00      0.5519    
   35.00      0.4698    
   36.00      0.3798    
   37.00      0.2924    
   38.00      0.2156    
   39.00      0.1546    
   40.00      0.1116    
   41.00      0.8612E-01
   42.00      0.7556E-01
   43.00      0.7601E-01
   44.00      0.8307E-01
   45.00      0.9254E-01
   46.00      0.1010    
   47.00      0.1059    
   48.00      0.1062    
   49.00      0.1017    
   50.00      0.9321E-01
   51.00      0.8205E-01
   52.00      0.6989E-01
   53.00      0.5835E-01
   54.00      0.4876E-01
   55.00      0.4206E-01
   56.00      0.3864E-01
   57.00      0.3843E-01
   58.00      0.4094E-01
   59.00      0.4536E-01
   60.00      0.5074E-01
   61.00      0.5612E-01
   62.00      0.6061E-01
   63.00      0.6355E-01
   64.00      0.6453E-01
   65.00      0.6340E-01
   66.00      0.6027E-01
   67.00      0.5546E-01
   68.00      0.4944E-01
   69.00      0.4276E-01
   70.00      0.3599E-01
   71.00      0.2964E-01
   72.00      0.2412E-01
   73.00      0.1973E-01
   74.00      0.1663E-01
   75.00      0.1482E-01
   76.00      0.1422E-01
   77.00      0.1463E-01
   78.00      0.1580E-01
   79.00      0.1744E-01
   80.00      0.1927E-01
   81.00      0.2103E-01
   82.00      0.2251E-01
   83.00      0.2354E-01
   84.00      0.2404E-01
   85.00      0.2398E-01
   86.00      0.2337E-01
   87.00      0.2228E-01
   88.00      0.2082E-01
   89.00      0.1909E-01
   90.00      0.1721E-01
   91.00      0.1532E-01
   92.00      0.1350E-01
   93.00      0.1185E-01
   94.00      0.1043E-01
   95.00      0.9259E-02
   96.00      0.8365E-02
   97.00      0.7737E-02
   98.00      0.7351E-02
   99.00      0.7171E-02
   100.0      0.7155E-02
   101.0      0.7258E-02
   102.0      0.7434E-02
   103.0      0.7643E-02
   104.0      0.7848E-02
   105.0      0.8021E-02
   106.0      0.8142E-02
   107.0      0.8196E-02
   108.0      0.8176E-02
   109.0      0.8080E-02
   110.0      0.7912E-02
   111.0      0.7680E-02
   112.0      0.7393E-02
   113.0      0.7063E-02
   114.0      0.6702E-02
   115.0      0.6324E-02
   116.0      0.5941E-02
   117.0      0.5565E-02
   118.0      0.5207E-02
   119.0      0.4877E-02
   120.0      0.4582E-02
   121.0      0.4329E-02
   122.0      0.4121E-02
   123.0      0.3960E-02
   124.0      0.3845E-02
   125.0      0.3774E-02
   126.0      0.3742E-02
   127.0      0.3742E-02
   128.0      0.3767E-02
   129.0      0.3809E-02
   130.0      0.3859E-02
   131.0      0.3908E-02
   132.0      0.3948E-02
   133.0      0.3973E-02
   134.0      0.3978E-02
   135.0      0.3960E-02
   136.0      0.3916E-02
   137.0      0.3848E-02
   138.0      0.3759E-02
   139.0      0.3650E-02
   140.0      0.3528E-02
   141.0      0.3398E-02
   142.0      0.3265E-02
   143.0      0.3136E-02
   144.0      0.3014E-02
   145.0      0.2905E-02
   146.0      0.2812E-02
   147.0      0.2737E-02
   148.0      0.2681E-02
   149.0      0.2646E-02
   150.0      0.2629E-02
   151.0      0.2631E-02
   152.0      0.2648E-02
   153.0      0.2680E-02
   154.0      0.2725E-02
   155.0      0.2780E-02
   156.0      0.2844E-02
   157.0      0.2917E-02
   158.0      0.2998E-02
   159.0      0.3088E-02
   160.0      0.3187E-02
   161.0      0.3297E-02
   162.0      0.3419E-02
   163.0      0.3555E-02
   164.0      0.3708E-02
   165.0      0.3877E-02
   166.0      0.4063E-02
   167.0      0.4267E-02
   168.0      0.4488E-02
   169.0      0.4721E-02
   170.0      0.4965E-02
   171.0      0.5215E-02
   172.0      0.5465E-02
   173.0      0.5708E-02
   174.0      0.5938E-02
   175.0      0.6148E-02
   176.0      0.6331E-02
   177.0      0.6481E-02
   178.0      0.6592E-02
   179.0      0.6660E-02
   180.0      0.6683E-02
 END
