# 181 angles,  1 tensor ranks for 0=projectile
@subtitle   "46Ar(3He,d)47K - 374 MeV - DWBA post full complex remnant;"                    
@legend ON
@legend x1 0.2
@legend y1 0.8
@g0 type LOGY
@yaxis ticklabel format power
@legend string   0 "Lab energy =  371.0000"
#legend string   0 "Partition=  2 Excit=  2 near/far= 1"
#  Theta       sigma       iT11        T20         T21         T22         Kyy for projectile
   0.000       1.984    
   1.000       1.940    
   2.000       1.817    
   3.000       1.651    
   4.000       1.489    
   5.000       1.383    
   6.000       1.374    
   7.000       1.485    
   8.000       1.716    
   9.000       2.041    
   10.00       2.412    
   11.00       2.772    
   12.00       3.062    
   13.00       3.232    
   14.00       3.248    
   15.00       3.103    
   16.00       2.809    
   17.00       2.401    
   18.00       1.925    
   19.00       1.434    
   20.00      0.9763    
   21.00      0.5933    
   22.00      0.3107    
   23.00      0.1387    
   24.00      0.7251E-01
   25.00      0.9484E-01
   26.00      0.1803    
   27.00      0.3002    
   28.00      0.4267    
   29.00      0.5367    
   30.00      0.6138    
   31.00      0.6497    
   32.00      0.6434    
   33.00      0.6001    
   34.00      0.5291    
   35.00      0.4422    
   36.00      0.3508    
   37.00      0.2653    
   38.00      0.1929    
   39.00      0.1380    
   40.00      0.1017    
   41.00      0.8274E-01
   42.00      0.7761E-01
   43.00      0.8193E-01
   44.00      0.9107E-01
   45.00      0.1009    
   46.00      0.1081    
   47.00      0.1109    
   48.00      0.1084    
   49.00      0.1011    
   50.00      0.9013E-01
   51.00      0.7720E-01
   52.00      0.6410E-01
   53.00      0.5248E-01
   54.00      0.4358E-01
   55.00      0.3814E-01
   56.00      0.3633E-01
   57.00      0.3782E-01
   58.00      0.4188E-01
   59.00      0.4753E-01
   60.00      0.5371E-01
   61.00      0.5938E-01
   62.00      0.6371E-01
   63.00      0.6610E-01
   64.00      0.6625E-01
   65.00      0.6414E-01
   66.00      0.6002E-01
   67.00      0.5433E-01
   68.00      0.4764E-01
   69.00      0.4053E-01
   70.00      0.3361E-01
   71.00      0.2737E-01
   72.00      0.2219E-01
   73.00      0.1830E-01
   74.00      0.1578E-01
   75.00      0.1459E-01
   76.00      0.1455E-01
   77.00      0.1543E-01
   78.00      0.1694E-01
   79.00      0.1875E-01
   80.00      0.2061E-01
   81.00      0.2225E-01
   82.00      0.2349E-01
   83.00      0.2421E-01
   84.00      0.2435E-01
   85.00      0.2392E-01
   86.00      0.2296E-01
   87.00      0.2159E-01
   88.00      0.1991E-01
   89.00      0.1804E-01
   90.00      0.1612E-01
   91.00      0.1425E-01
   92.00      0.1254E-01
   93.00      0.1103E-01
   94.00      0.9790E-02
   95.00      0.8821E-02
   96.00      0.8123E-02
   97.00      0.7675E-02
   98.00      0.7441E-02
   99.00      0.7378E-02
   100.0      0.7438E-02
   101.0      0.7577E-02
   102.0      0.7752E-02
   103.0      0.7928E-02
   104.0      0.8075E-02
   105.0      0.8172E-02
   106.0      0.8207E-02
   107.0      0.8174E-02
   108.0      0.8071E-02
   109.0      0.7904E-02
   110.0      0.7679E-02
   111.0      0.7405E-02
   112.0      0.7094E-02
   113.0      0.6757E-02
   114.0      0.6405E-02
   115.0      0.6048E-02
   116.0      0.5695E-02
   117.0      0.5356E-02
   118.0      0.5039E-02
   119.0      0.4749E-02
   120.0      0.4492E-02
   121.0      0.4273E-02
   122.0      0.4093E-02
   123.0      0.3953E-02
   124.0      0.3854E-02
   125.0      0.3792E-02
   126.0      0.3763E-02
   127.0      0.3761E-02
   128.0      0.3781E-02
   129.0      0.3814E-02
   130.0      0.3853E-02
   131.0      0.3891E-02
   132.0      0.3919E-02
   133.0      0.3933E-02
   134.0      0.3927E-02
   135.0      0.3899E-02
   136.0      0.3847E-02
   137.0      0.3772E-02
   138.0      0.3676E-02
   139.0      0.3563E-02
   140.0      0.3437E-02
   141.0      0.3304E-02
   142.0      0.3170E-02
   143.0      0.3041E-02
   144.0      0.2921E-02
   145.0      0.2816E-02
   146.0      0.2729E-02
   147.0      0.2662E-02
   148.0      0.2616E-02
   149.0      0.2592E-02
   150.0      0.2589E-02
   151.0      0.2605E-02
   152.0      0.2638E-02
   153.0      0.2684E-02
   154.0      0.2742E-02
   155.0      0.2809E-02
   156.0      0.2883E-02
   157.0      0.2962E-02
   158.0      0.3046E-02
   159.0      0.3135E-02
   160.0      0.3229E-02
   161.0      0.3331E-02
   162.0      0.3442E-02
   163.0      0.3565E-02
   164.0      0.3702E-02
   165.0      0.3854E-02
   166.0      0.4025E-02
   167.0      0.4214E-02
   168.0      0.4421E-02
   169.0      0.4644E-02
   170.0      0.4880E-02
   171.0      0.5124E-02
   172.0      0.5371E-02
   173.0      0.5615E-02
   174.0      0.5847E-02
   175.0      0.6061E-02
   176.0      0.6248E-02
   177.0      0.6401E-02
   178.0      0.6516E-02
   179.0      0.6586E-02
   180.0      0.6610E-02
 END
