# 181 angles,  1 tensor ranks for 0=projectile
@subtitle   "46Ar(3He,d)47K - 374 MeV - DWBA post full complex remnant;"                    
@legend ON
@legend x1 0.2
@legend y1 0.8
@g0 type LOGY
@yaxis ticklabel format power
@legend string   0 "Lab energy =  349.0000"
#legend string   0 "Partition=  2 Excit=  2 near/far= 1"
#  Theta       sigma       iT11        T20         T21         T22         Kyy for projectile
   0.000       2.075    
   1.000       2.034    
   2.000       1.920    
   3.000       1.761    
   4.000       1.599    
   5.000       1.478    
   6.000       1.434    
   7.000       1.492    
   8.000       1.656    
   9.000       1.907    
   10.00       2.211    
   11.00       2.520    
   12.00       2.785    
   13.00       2.960    
   14.00       3.011    
   15.00       2.925    
   16.00       2.704    
   17.00       2.372    
   18.00       1.964    
   19.00       1.522    
   20.00       1.092    
   21.00      0.7104    
   22.00      0.4076    
   23.00      0.1995    
   24.00      0.8909E-01
   25.00      0.6749E-01
   26.00      0.1168    
   27.00      0.2136    
   28.00      0.3328    
   29.00      0.4513    
   30.00      0.5501    
   31.00      0.6167    
   32.00      0.6448    
   33.00      0.6344    
   34.00      0.5908    
   35.00      0.5223    
   36.00      0.4392    
   37.00      0.3517    
   38.00      0.2687    
   39.00      0.1970    
   40.00      0.1407    
   41.00      0.1013    
   42.00      0.7809E-01
   43.00      0.6846E-01
   44.00      0.6886E-01
   45.00      0.7535E-01
   46.00      0.8421E-01
   47.00      0.9237E-01
   48.00      0.9770E-01
   49.00      0.9906E-01
   50.00      0.9626E-01
   51.00      0.8989E-01
   52.00      0.8105E-01
   53.00      0.7109E-01
   54.00      0.6136E-01
   55.00      0.5302E-01
   56.00      0.4688E-01
   57.00      0.4335E-01
   58.00      0.4242E-01
   59.00      0.4374E-01
   60.00      0.4670E-01
   61.00      0.5054E-01
   62.00      0.5446E-01
   63.00      0.5775E-01
   64.00      0.5984E-01
   65.00      0.6034E-01
   66.00      0.5912E-01
   67.00      0.5623E-01
   68.00      0.5191E-01
   69.00      0.4654E-01
   70.00      0.4058E-01
   71.00      0.3448E-01
   72.00      0.2871E-01
   73.00      0.2363E-01
   74.00      0.1951E-01
   75.00      0.1651E-01
   76.00      0.1467E-01
   77.00      0.1394E-01
   78.00      0.1416E-01
   79.00      0.1513E-01
   80.00      0.1660E-01
   81.00      0.1830E-01
   82.00      0.2002E-01
   83.00      0.2153E-01
   84.00      0.2267E-01
   85.00      0.2335E-01
   86.00      0.2350E-01
   87.00      0.2312E-01
   88.00      0.2226E-01
   89.00      0.2099E-01
   90.00      0.1941E-01
   91.00      0.1763E-01
   92.00      0.1577E-01
   93.00      0.1393E-01
   94.00      0.1219E-01
   95.00      0.1065E-01
   96.00      0.9332E-02
   97.00      0.8281E-02
   98.00      0.7500E-02
   99.00      0.6980E-02
   100.0      0.6697E-02
   101.0      0.6615E-02
   102.0      0.6692E-02
   103.0      0.6883E-02
   104.0      0.7142E-02
   105.0      0.7427E-02
   106.0      0.7702E-02
   107.0      0.7936E-02
   108.0      0.8105E-02
   109.0      0.8193E-02
   110.0      0.8192E-02
   111.0      0.8100E-02
   112.0      0.7920E-02
   113.0      0.7662E-02
   114.0      0.7337E-02
   115.0      0.6963E-02
   116.0      0.6554E-02
   117.0      0.6130E-02
   118.0      0.5707E-02
   119.0      0.5300E-02
   120.0      0.4924E-02
   121.0      0.4590E-02
   122.0      0.4306E-02
   123.0      0.4077E-02
   124.0      0.3904E-02
   125.0      0.3786E-02
   126.0      0.3720E-02
   127.0      0.3697E-02
   128.0      0.3710E-02
   129.0      0.3748E-02
   130.0      0.3803E-02
   131.0      0.3863E-02
   132.0      0.3920E-02
   133.0      0.3966E-02
   134.0      0.3995E-02
   135.0      0.4002E-02
   136.0      0.3985E-02
   137.0      0.3943E-02
   138.0      0.3879E-02
   139.0      0.3795E-02
   140.0      0.3695E-02
   141.0      0.3583E-02
   142.0      0.3464E-02
   143.0      0.3344E-02
   144.0      0.3227E-02
   145.0      0.3116E-02
   146.0      0.3015E-02
   147.0      0.2926E-02
   148.0      0.2850E-02
   149.0      0.2789E-02
   150.0      0.2743E-02
   151.0      0.2711E-02
   152.0      0.2694E-02
   153.0      0.2691E-02
   154.0      0.2702E-02
   155.0      0.2728E-02
   156.0      0.2767E-02
   157.0      0.2822E-02
   158.0      0.2893E-02
   159.0      0.2981E-02
   160.0      0.3086E-02
   161.0      0.3210E-02
   162.0      0.3354E-02
   163.0      0.3517E-02
   164.0      0.3701E-02
   165.0      0.3903E-02
   166.0      0.4124E-02
   167.0      0.4360E-02
   168.0      0.4610E-02
   169.0      0.4868E-02
   170.0      0.5132E-02
   171.0      0.5395E-02
   172.0      0.5653E-02
   173.0      0.5899E-02
   174.0      0.6127E-02
   175.0      0.6333E-02
   176.0      0.6509E-02
   177.0      0.6652E-02
   178.0      0.6757E-02
   179.0      0.6821E-02
   180.0      0.6843E-02
 END
