# 181 angles,  1 tensor ranks for 0=projectile
@subtitle   "46Ar(3He,d)47K - 374 MeV - DWBA post full complex remnant;"                    
@legend ON
@legend x1 0.2
@legend y1 0.8
@g0 type LOGY
@yaxis ticklabel format power
@legend string   0 "Lab energy =  356.0000"
#legend string   0 "Partition=  2 Excit=  2 near/far= 1"
#  Theta       sigma       iT11        T20         T21         T22         Kyy for projectile
   0.000       2.046    
   1.000       2.003    
   2.000       1.887    
   3.000       1.726    
   4.000       1.563    
   5.000       1.446    
   6.000       1.413    
   7.000       1.488    
   8.000       1.672    
   9.000       1.947    
   10.00       2.273    
   11.00       2.600    
   12.00       2.874    
   13.00       3.049    
   14.00       3.091    
   15.00       2.987    
   16.00       2.744    
   17.00       2.387    
   18.00       1.956    
   19.00       1.497    
   20.00       1.056    
   21.00      0.6728    
   22.00      0.3747    
   23.00      0.1769    
   24.00      0.8002E-01
   25.00      0.7257E-01
   26.00      0.1342    
   27.00      0.2397    
   28.00      0.3628    
   29.00      0.4801    
   30.00      0.5734    
   31.00      0.6311    
   32.00      0.6486    
   33.00      0.6275    
   34.00      0.5745    
   35.00      0.4991    
   36.00      0.4122    
   37.00      0.3240    
   38.00      0.2433    
   39.00      0.1762    
   40.00      0.1258    
   41.00      0.9287E-01
   42.00      0.7567E-01
   43.00      0.7102E-01
   44.00      0.7489E-01
   45.00      0.8316E-01
   46.00      0.9218E-01
   47.00      0.9914E-01
   48.00      0.1023    
   49.00      0.1010    
   50.00      0.9549E-01
   51.00      0.8674E-01
   52.00      0.7615E-01
   53.00      0.6521E-01
   54.00      0.5531E-01
   55.00      0.4753E-01
   56.00      0.4251E-01
   57.00      0.4045E-01
   58.00      0.4111E-01
   59.00      0.4394E-01
   60.00      0.4814E-01
   61.00      0.5283E-01
   62.00      0.5718E-01
   63.00      0.6046E-01
   64.00      0.6215E-01
   65.00      0.6199E-01
   66.00      0.5993E-01
   67.00      0.5615E-01
   68.00      0.5102E-01
   69.00      0.4499E-01
   70.00      0.3857E-01
   71.00      0.3227E-01
   72.00      0.2653E-01
   73.00      0.2170E-01
   74.00      0.1800E-01
   75.00      0.1552E-01
   76.00      0.1426E-01
   77.00      0.1407E-01
   78.00      0.1477E-01
   79.00      0.1609E-01
   80.00      0.1778E-01
   81.00      0.1957E-01
   82.00      0.2122E-01
   83.00      0.2255E-01
   84.00      0.2342E-01
   85.00      0.2377E-01
   86.00      0.2357E-01
   87.00      0.2285E-01
   88.00      0.2169E-01
   89.00      0.2017E-01
   90.00      0.1843E-01
   91.00      0.1656E-01
   92.00      0.1469E-01
   93.00      0.1291E-01
   94.00      0.1130E-01
   95.00      0.9922E-02
   96.00      0.8799E-02
   97.00      0.7947E-02
   98.00      0.7359E-02
   99.00      0.7012E-02
   100.0      0.6870E-02
   101.0      0.6893E-02
   102.0      0.7035E-02
   103.0      0.7251E-02
   104.0      0.7500E-02
   105.0      0.7745E-02
   106.0      0.7956E-02
   107.0      0.8110E-02
   108.0      0.8191E-02
   109.0      0.8191E-02
   110.0      0.8106E-02
   111.0      0.7940E-02
   112.0      0.7701E-02
   113.0      0.7399E-02
   114.0      0.7047E-02
   115.0      0.6661E-02
   116.0      0.6257E-02
   117.0      0.5848E-02
   118.0      0.5450E-02
   119.0      0.5076E-02
   120.0      0.4737E-02
   121.0      0.4441E-02
   122.0      0.4194E-02
   123.0      0.4000E-02
   124.0      0.3859E-02
   125.0      0.3768E-02
   126.0      0.3723E-02
   127.0      0.3716E-02
   128.0      0.3740E-02
   129.0      0.3785E-02
   130.0      0.3841E-02
   131.0      0.3899E-02
   132.0      0.3950E-02
   133.0      0.3988E-02
   134.0      0.4006E-02
   135.0      0.4000E-02
   136.0      0.3969E-02
   137.0      0.3914E-02
   138.0      0.3836E-02
   139.0      0.3738E-02
   140.0      0.3625E-02
   141.0      0.3502E-02
   142.0      0.3374E-02
   143.0      0.3248E-02
   144.0      0.3126E-02
   145.0      0.3015E-02
   146.0      0.2916E-02
   147.0      0.2833E-02
   148.0      0.2766E-02
   149.0      0.2717E-02
   150.0      0.2684E-02
   151.0      0.2668E-02
   152.0      0.2668E-02
   153.0      0.2681E-02
   154.0      0.2709E-02
   155.0      0.2749E-02
   156.0      0.2800E-02
   157.0      0.2864E-02
   158.0      0.2941E-02
   159.0      0.3030E-02
   160.0      0.3133E-02
   161.0      0.3251E-02
   162.0      0.3386E-02
   163.0      0.3538E-02
   164.0      0.3707E-02
   165.0      0.3895E-02
   166.0      0.4100E-02
   167.0      0.4322E-02
   168.0      0.4558E-02
   169.0      0.4805E-02
   170.0      0.5059E-02
   171.0      0.5316E-02
   172.0      0.5570E-02
   173.0      0.5815E-02
   174.0      0.6044E-02
   175.0      0.6251E-02
   176.0      0.6430E-02
   177.0      0.6576E-02
   178.0      0.6684E-02
   179.0      0.6750E-02
   180.0      0.6772E-02
 END
