# 181 angles,  1 tensor ranks for 0=projectile
@subtitle   "46Ar(3He,d)47K - 374 MeV - DWBA post full complex remnant;"                    
@legend ON
@legend x1 0.2
@legend y1 0.8
@g0 type LOGY
@yaxis ticklabel format power
@legend string   0 "Lab energy =  341.0000"
#legend string   0 "Partition=  2 Excit=  2 near/far= 1"
#  Theta       sigma       iT11        T20         T21         T22         Kyy for projectile
   0.000       2.108    
   1.000       2.068    
   2.000       1.957    
   3.000       1.802    
   4.000       1.641    
   5.000       1.515    
   6.000       1.460    
   7.000       1.500    
   8.000       1.639    
   9.000       1.864    
   10.00       2.142    
   11.00       2.431    
   12.00       2.683    
   13.00       2.856    
   14.00       2.916    
   15.00       2.848    
   16.00       2.653    
   17.00       2.349    
   18.00       1.967    
   19.00       1.546    
   20.00       1.129    
   21.00      0.7532    
   22.00      0.4471    
   23.00      0.2288    
   24.00      0.1039    
   25.00      0.6621E-01
   26.00      0.1007    
   27.00      0.1863    
   28.00      0.2994    
   29.00      0.4173    
   30.00      0.5208    
   31.00      0.5962    
   32.00      0.6356    
   33.00      0.6374    
   34.00      0.6050    
   35.00      0.5455    
   36.00      0.4681    
   37.00      0.3827    
   38.00      0.2984    
   39.00      0.2226    
   40.00      0.1603    
   41.00      0.1139    
   42.00      0.8364E-01
   43.00      0.6787E-01
   44.00      0.6362E-01
   45.00      0.6726E-01
   46.00      0.7512E-01
   47.00      0.8395E-01
   48.00      0.9123E-01
   49.00      0.9535E-01
   50.00      0.9563E-01
   51.00      0.9217E-01
   52.00      0.8571E-01
   53.00      0.7735E-01
   54.00      0.6834E-01
   55.00      0.5985E-01
   56.00      0.5282E-01
   57.00      0.4787E-01
   58.00      0.4523E-01
   59.00      0.4480E-01
   60.00      0.4619E-01
   61.00      0.4879E-01
   62.00      0.5192E-01
   63.00      0.5489E-01
   64.00      0.5712E-01
   65.00      0.5813E-01
   66.00      0.5769E-01
   67.00      0.5572E-01
   68.00      0.5233E-01
   69.00      0.4780E-01
   70.00      0.4247E-01
   71.00      0.3678E-01
   72.00      0.3115E-01
   73.00      0.2595E-01
   74.00      0.2150E-01
   75.00      0.1800E-01
   76.00      0.1558E-01
   77.00      0.1423E-01
   78.00      0.1388E-01
   79.00      0.1436E-01
   80.00      0.1547E-01
   81.00      0.1698E-01
   82.00      0.1865E-01
   83.00      0.2026E-01
   84.00      0.2163E-01
   85.00      0.2262E-01
   86.00      0.2314E-01
   87.00      0.2315E-01
   88.00      0.2266E-01
   89.00      0.2171E-01
   90.00      0.2038E-01
   91.00      0.1877E-01
   92.00      0.1699E-01
   93.00      0.1514E-01
   94.00      0.1332E-01
   95.00      0.1163E-01
   96.00      0.1012E-01
   97.00      0.8852E-02
   98.00      0.7846E-02
   99.00      0.7111E-02
   100.0      0.6637E-02
   101.0      0.6398E-02
   102.0      0.6359E-02
   103.0      0.6478E-02
   104.0      0.6709E-02
   105.0      0.7006E-02
   106.0      0.7326E-02
   107.0      0.7631E-02
   108.0      0.7890E-02
   109.0      0.8078E-02
   110.0      0.8178E-02
   111.0      0.8182E-02
   112.0      0.8088E-02
   113.0      0.7901E-02
   114.0      0.7631E-02
   115.0      0.7292E-02
   116.0      0.6902E-02
   117.0      0.6480E-02
   118.0      0.6044E-02
   119.0      0.5612E-02
   120.0      0.5202E-02
   121.0      0.4828E-02
   122.0      0.4499E-02
   123.0      0.4225E-02
   124.0      0.4008E-02
   125.0      0.3849E-02
   126.0      0.3745E-02
   127.0      0.3690E-02
   128.0      0.3678E-02
   129.0      0.3697E-02
   130.0      0.3739E-02
   131.0      0.3792E-02
   132.0      0.3849E-02
   133.0      0.3899E-02
   134.0      0.3937E-02
   135.0      0.3957E-02
   136.0      0.3957E-02
   137.0      0.3935E-02
   138.0      0.3891E-02
   139.0      0.3827E-02
   140.0      0.3747E-02
   141.0      0.3654E-02
   142.0      0.3552E-02
   143.0      0.3446E-02
   144.0      0.3338E-02
   145.0      0.3233E-02
   146.0      0.3133E-02
   147.0      0.3040E-02
   148.0      0.2957E-02
   149.0      0.2885E-02
   150.0      0.2824E-02
   151.0      0.2775E-02
   152.0      0.2740E-02
   153.0      0.2718E-02
   154.0      0.2710E-02
   155.0      0.2718E-02
   156.0      0.2743E-02
   157.0      0.2786E-02
   158.0      0.2849E-02
   159.0      0.2932E-02
   160.0      0.3038E-02
   161.0      0.3166E-02
   162.0      0.3317E-02
   163.0      0.3491E-02
   164.0      0.3688E-02
   165.0      0.3905E-02
   166.0      0.4140E-02
   167.0      0.4391E-02
   168.0      0.4653E-02
   169.0      0.4922E-02
   170.0      0.5194E-02
   171.0      0.5463E-02
   172.0      0.5724E-02
   173.0      0.5971E-02
   174.0      0.6198E-02
   175.0      0.6401E-02
   176.0      0.6574E-02
   177.0      0.6713E-02
   178.0      0.6815E-02
   179.0      0.6877E-02
   180.0      0.6898E-02
 END
