# 181 angles,  1 tensor ranks for 0=projectile
@subtitle   "46Ar(3He,d)47K - 374 MeV - DWBA post full complex remnant;"                    
@legend ON
@legend x1 0.2
@legend y1 0.8
@g0 type LOGY
@yaxis ticklabel format power
@legend string   0 "Lab energy =  336.0000"
#legend string   0 "Partition=  2 Excit=  2 near/far= 1"
#  Theta       sigma       iT11        T20         T21         T22         Kyy for projectile
   0.000       2.127    
   1.000       2.088    
   2.000       1.979    
   3.000       1.827    
   4.000       1.666    
   5.000       1.538    
   6.000       1.477    
   7.000       1.506    
   8.000       1.630    
   9.000       1.838    
   10.00       2.100    
   11.00       2.375    
   12.00       2.619    
   13.00       2.790    
   14.00       2.855    
   15.00       2.798    
   16.00       2.618    
   17.00       2.330    
   18.00       1.965    
   19.00       1.559    
   20.00       1.151    
   21.00      0.7796    
   22.00      0.4726    
   23.00      0.2490    
   24.00      0.1155    
   25.00      0.6798E-01
   26.00      0.9299E-01
   27.00      0.1709    
   28.00      0.2792    
   29.00      0.3957    
   30.00      0.5012    
   31.00      0.5813    
   32.00      0.6273    
   33.00      0.6366    
   34.00      0.6113    
   35.00      0.5578    
   36.00      0.4846    
   37.00      0.4014    
   38.00      0.3171    
   39.00      0.2394    
   40.00      0.1737    
   41.00      0.1232    
   42.00      0.8864E-01
   43.00      0.6888E-01
   44.00      0.6140E-01
   45.00      0.6283E-01
   46.00      0.6962E-01
   47.00      0.7845E-01
   48.00      0.8663E-01
   49.00      0.9227E-01
   50.00      0.9439E-01
   51.00      0.9280E-01
   52.00      0.8798E-01
   53.00      0.8086E-01
   54.00      0.7257E-01
   55.00      0.6426E-01
   56.00      0.5692E-01
   57.00      0.5127E-01
   58.00      0.4768E-01
   59.00      0.4618E-01
   60.00      0.4653E-01
   61.00      0.4825E-01
   62.00      0.5074E-01
   63.00      0.5334E-01
   64.00      0.5547E-01
   65.00      0.5665E-01
   66.00      0.5658E-01
   67.00      0.5510E-01
   68.00      0.5227E-01
   69.00      0.4826E-01
   70.00      0.4339E-01
   71.00      0.3803E-01
   72.00      0.3257E-01
   73.00      0.2740E-01
   74.00      0.2283E-01
   75.00      0.1910E-01
   76.00      0.1636E-01
   77.00      0.1465E-01
   78.00      0.1394E-01
   79.00      0.1409E-01
   80.00      0.1494E-01
   81.00      0.1627E-01
   82.00      0.1785E-01
   83.00      0.1946E-01
   84.00      0.2092E-01
   85.00      0.2207E-01
   86.00      0.2279E-01
   87.00      0.2303E-01
   88.00      0.2277E-01
   89.00      0.2204E-01
   90.00      0.2089E-01
   91.00      0.1942E-01
   92.00      0.1772E-01
   93.00      0.1590E-01
   94.00      0.1407E-01
   95.00      0.1231E-01
   96.00      0.1071E-01
   97.00      0.9316E-02
   98.00      0.8174E-02
   99.00      0.7300E-02
   100.0      0.6695E-02
   101.0      0.6340E-02
   102.0      0.6207E-02
   103.0      0.6258E-02
   104.0      0.6447E-02
   105.0      0.6730E-02
   106.0      0.7059E-02
   107.0      0.7393E-02
   108.0      0.7697E-02
   109.0      0.7941E-02
   110.0      0.8104E-02
   111.0      0.8171E-02
   112.0      0.8138E-02
   113.0      0.8005E-02
   114.0      0.7782E-02
   115.0      0.7479E-02
   116.0      0.7114E-02
   117.0      0.6705E-02
   118.0      0.6271E-02
   119.0      0.5833E-02
   120.0      0.5408E-02
   121.0      0.5012E-02
   122.0      0.4658E-02
   123.0      0.4354E-02
   124.0      0.4106E-02
   125.0      0.3917E-02
   126.0      0.3783E-02
   127.0      0.3702E-02
   128.0      0.3666E-02
   129.0      0.3665E-02
   130.0      0.3692E-02
   131.0      0.3735E-02
   132.0      0.3786E-02
   133.0      0.3835E-02
   134.0      0.3876E-02
   135.0      0.3903E-02
   136.0      0.3913E-02
   137.0      0.3903E-02
   138.0      0.3873E-02
   139.0      0.3825E-02
   140.0      0.3761E-02
   141.0      0.3683E-02
   142.0      0.3595E-02
   143.0      0.3500E-02
   144.0      0.3402E-02
   145.0      0.3303E-02
   146.0      0.3207E-02
   147.0      0.3115E-02
   148.0      0.3030E-02
   149.0      0.2952E-02
   150.0      0.2884E-02
   151.0      0.2826E-02
   152.0      0.2780E-02
   153.0      0.2746E-02
   154.0      0.2727E-02
   155.0      0.2724E-02
   156.0      0.2739E-02
   157.0      0.2774E-02
   158.0      0.2830E-02
   159.0      0.2910E-02
   160.0      0.3014E-02
   161.0      0.3142E-02
   162.0      0.3296E-02
   163.0      0.3475E-02
   164.0      0.3677E-02
   165.0      0.3901E-02
   166.0      0.4143E-02
   167.0      0.4400E-02
   168.0      0.4668E-02
   169.0      0.4942E-02
   170.0      0.5218E-02
   171.0      0.5489E-02
   172.0      0.5750E-02
   173.0      0.5996E-02
   174.0      0.6221E-02
   175.0      0.6422E-02
   176.0      0.6592E-02
   177.0      0.6728E-02
   178.0      0.6828E-02
   179.0      0.6889E-02
   180.0      0.6909E-02
 END
