# 181 angles,  1 tensor ranks for 0=projectile
@subtitle   "46Ar(3He,d)47K - 374 MeV - DWBA post full complex remnant;"                    
@legend ON
@legend x1 0.2
@legend y1 0.8
@g0 type LOGY
@yaxis ticklabel format power
@legend string   0 "Lab energy =  400.0000"
#legend string   0 "Partition=  2 Excit=  3 near/far= 1"
#  Theta       sigma       iT11        T20         T21         T22         Kyy for projectile
   0.000      0.4639    
   1.000      0.5026    
   2.000      0.6121    
   3.000      0.7746    
   4.000      0.9661    
   5.000       1.163    
   6.000       1.350    
   7.000       1.521    
   8.000       1.684    
   9.000       1.858    
   10.00       2.062    
   11.00       2.313    
   12.00       2.620    
   13.00       2.973    
   14.00       3.350    
   15.00       3.715    
   16.00       4.023    
   17.00       4.232    
   18.00       4.306    
   19.00       4.225    
   20.00       3.988    
   21.00       3.609    
   22.00       3.124    
   23.00       2.575    
   24.00       2.012    
   25.00       1.482    
   26.00       1.025    
   27.00      0.6672    
   28.00      0.4217    
   29.00      0.2873    
   30.00      0.2504    
   31.00      0.2889    
   32.00      0.3756    
   33.00      0.4832    
   34.00      0.5870    
   35.00      0.6680    
   36.00      0.7143    
   37.00      0.7212    
   38.00      0.6905    
   39.00      0.6291    
   40.00      0.5472    
   41.00      0.4561    
   42.00      0.3664    
   43.00      0.2871    
   44.00      0.2241    
   45.00      0.1804    
   46.00      0.1559    
   47.00      0.1482    
   48.00      0.1532    
   49.00      0.1657    
   50.00      0.1809    
   51.00      0.1944    
   52.00      0.2029    
   53.00      0.2046    
   54.00      0.1987    
   55.00      0.1861    
   56.00      0.1682    
   57.00      0.1473    
   58.00      0.1255    
   59.00      0.1052    
   60.00      0.8802E-01
   61.00      0.7520E-01
   62.00      0.6731E-01
   63.00      0.6429E-01
   64.00      0.6554E-01
   65.00      0.7007E-01
   66.00      0.7667E-01
   67.00      0.8405E-01
   68.00      0.9101E-01
   69.00      0.9656E-01
   70.00      0.9998E-01
   71.00      0.1009    
   72.00      0.9912E-01
   73.00      0.9492E-01
   74.00      0.8868E-01
   75.00      0.8093E-01
   76.00      0.7231E-01
   77.00      0.6343E-01
   78.00      0.5487E-01
   79.00      0.4710E-01
   80.00      0.4046E-01
   81.00      0.3516E-01
   82.00      0.3128E-01
   83.00      0.2876E-01
   84.00      0.2747E-01
   85.00      0.2720E-01
   86.00      0.2768E-01
   87.00      0.2867E-01
   88.00      0.2991E-01
   89.00      0.3118E-01
   90.00      0.3230E-01
   91.00      0.3313E-01
   92.00      0.3359E-01
   93.00      0.3364E-01
   94.00      0.3328E-01
   95.00      0.3255E-01
   96.00      0.3150E-01
   97.00      0.3020E-01
   98.00      0.2872E-01
   99.00      0.2715E-01
   100.0      0.2554E-01
   101.0      0.2396E-01
   102.0      0.2245E-01
   103.0      0.2105E-01
   104.0      0.1978E-01
   105.0      0.1866E-01
   106.0      0.1768E-01
   107.0      0.1686E-01
   108.0      0.1617E-01
   109.0      0.1561E-01
   110.0      0.1517E-01
   111.0      0.1483E-01
   112.0      0.1457E-01
   113.0      0.1439E-01
   114.0      0.1426E-01
   115.0      0.1417E-01
   116.0      0.1412E-01
   117.0      0.1407E-01
   118.0      0.1404E-01
   119.0      0.1399E-01
   120.0      0.1392E-01
   121.0      0.1383E-01
   122.0      0.1370E-01
   123.0      0.1353E-01
   124.0      0.1331E-01
   125.0      0.1305E-01
   126.0      0.1276E-01
   127.0      0.1242E-01
   128.0      0.1205E-01
   129.0      0.1166E-01
   130.0      0.1125E-01
   131.0      0.1084E-01
   132.0      0.1043E-01
   133.0      0.1003E-01
   134.0      0.9654E-02
   135.0      0.9309E-02
   136.0      0.8999E-02
   137.0      0.8729E-02
   138.0      0.8502E-02
   139.0      0.8319E-02
   140.0      0.8181E-02
   141.0      0.8086E-02
   142.0      0.8031E-02
   143.0      0.8012E-02
   144.0      0.8024E-02
   145.0      0.8063E-02
   146.0      0.8122E-02
   147.0      0.8196E-02
   148.0      0.8280E-02
   149.0      0.8366E-02
   150.0      0.8451E-02
   151.0      0.8528E-02
   152.0      0.8594E-02
   153.0      0.8646E-02
   154.0      0.8679E-02
   155.0      0.8693E-02
   156.0      0.8686E-02
   157.0      0.8656E-02
   158.0      0.8606E-02
   159.0      0.8536E-02
   160.0      0.8448E-02
   161.0      0.8343E-02
   162.0      0.8226E-02
   163.0      0.8099E-02
   164.0      0.7964E-02
   165.0      0.7826E-02
   166.0      0.7686E-02
   167.0      0.7549E-02
   168.0      0.7415E-02
   169.0      0.7288E-02
   170.0      0.7169E-02
   171.0      0.7059E-02
   172.0      0.6959E-02
   173.0      0.6871E-02
   174.0      0.6794E-02
   175.0      0.6728E-02
   176.0      0.6675E-02
   177.0      0.6633E-02
   178.0      0.6604E-02
   179.0      0.6586E-02
   180.0      0.6580E-02
 END
