# 181 angles,  1 tensor ranks for 0=projectile
@subtitle   "46Ar(3He,d)47K - 374 MeV - DWBA post full complex remnant;"                    
@legend ON
@legend x1 0.2
@legend y1 0.8
@g0 type LOGY
@yaxis ticklabel format power
@legend string   0 "Lab energy =  379.0000"
#legend string   0 "Partition=  2 Excit=  3 near/far= 1"
#  Theta       sigma       iT11        T20         T21         T22         Kyy for projectile
   0.000      0.3972    
   1.000      0.4328    
   2.000      0.5338    
   3.000      0.6844    
   4.000      0.8632    
   5.000       1.049    
   6.000       1.226    
   7.000       1.388    
   8.000       1.541    
   9.000       1.699    
   10.00       1.881    
   11.00       2.102    
   12.00       2.374    
   13.00       2.693    
   14.00       3.043    
   15.00       3.395    
   16.00       3.711    
   17.00       3.952    
   18.00       4.083    
   19.00       4.079    
   20.00       3.931    
   21.00       3.644    
   22.00       3.241    
   23.00       2.757    
   24.00       2.234    
   25.00       1.716    
   26.00       1.242    
   27.00      0.8445    
   28.00      0.5429    
   29.00      0.3450    
   30.00      0.2463    
   31.00      0.2326    
   32.00      0.2827    
   33.00      0.3723    
   34.00      0.4771    
   35.00      0.5758    
   36.00      0.6523    
   37.00      0.6964    
   38.00      0.7043    
   39.00      0.6777    
   40.00      0.6227    
   41.00      0.5482    
   42.00      0.4641    
   43.00      0.3798    
   44.00      0.3033    
   45.00      0.2404    
   46.00      0.1940    
   47.00      0.1648    
   48.00      0.1510    
   49.00      0.1494    
   50.00      0.1561    
   51.00      0.1667    
   52.00      0.1774    
   53.00      0.1851    
   54.00      0.1878    
   55.00      0.1846    
   56.00      0.1756    
   57.00      0.1618    
   58.00      0.1448    
   59.00      0.1264    
   60.00      0.1085    
   61.00      0.9267E-01
   62.00      0.8011E-01
   63.00      0.7153E-01
   64.00      0.6709E-01
   65.00      0.6649E-01
   66.00      0.6907E-01
   67.00      0.7388E-01
   68.00      0.7986E-01
   69.00      0.8596E-01
   70.00      0.9125E-01
   71.00      0.9497E-01
   72.00      0.9663E-01
   73.00      0.9600E-01
   74.00      0.9310E-01
   75.00      0.8816E-01
   76.00      0.8158E-01
   77.00      0.7387E-01
   78.00      0.6559E-01
   79.00      0.5727E-01
   80.00      0.4941E-01
   81.00      0.4239E-01
   82.00      0.3650E-01
   83.00      0.3189E-01
   84.00      0.2862E-01
   85.00      0.2663E-01
   86.00      0.2578E-01
   87.00      0.2586E-01
   88.00      0.2664E-01
   89.00      0.2788E-01
   90.00      0.2934E-01
   91.00      0.3080E-01
   92.00      0.3210E-01
   93.00      0.3309E-01
   94.00      0.3369E-01
   95.00      0.3385E-01
   96.00      0.3357E-01
   97.00      0.3288E-01
   98.00      0.3182E-01
   99.00      0.3047E-01
   100.0      0.2890E-01
   101.0      0.2719E-01
   102.0      0.2542E-01
   103.0      0.2365E-01
   104.0      0.2195E-01
   105.0      0.2036E-01
   106.0      0.1892E-01
   107.0      0.1765E-01
   108.0      0.1657E-01
   109.0      0.1567E-01
   110.0      0.1495E-01
   111.0      0.1440E-01
   112.0      0.1401E-01
   113.0      0.1374E-01
   114.0      0.1359E-01
   115.0      0.1352E-01
   116.0      0.1352E-01
   117.0      0.1356E-01
   118.0      0.1362E-01
   119.0      0.1368E-01
   120.0      0.1372E-01
   121.0      0.1373E-01
   122.0      0.1370E-01
   123.0      0.1363E-01
   124.0      0.1350E-01
   125.0      0.1331E-01
   126.0      0.1307E-01
   127.0      0.1278E-01
   128.0      0.1244E-01
   129.0      0.1207E-01
   130.0      0.1168E-01
   131.0      0.1127E-01
   132.0      0.1086E-01
   133.0      0.1045E-01
   134.0      0.1006E-01
   135.0      0.9686E-02
   136.0      0.9348E-02
   137.0      0.9047E-02
   138.0      0.8785E-02
   139.0      0.8567E-02
   140.0      0.8393E-02
   141.0      0.8262E-02
   142.0      0.8173E-02
   143.0      0.8125E-02
   144.0      0.8113E-02
   145.0      0.8134E-02
   146.0      0.8183E-02
   147.0      0.8255E-02
   148.0      0.8346E-02
   149.0      0.8449E-02
   150.0      0.8560E-02
   151.0      0.8672E-02
   152.0      0.8779E-02
   153.0      0.8878E-02
   154.0      0.8962E-02
   155.0      0.9027E-02
   156.0      0.9068E-02
   157.0      0.9084E-02
   158.0      0.9070E-02
   159.0      0.9027E-02
   160.0      0.8953E-02
   161.0      0.8849E-02
   162.0      0.8716E-02
   163.0      0.8558E-02
   164.0      0.8376E-02
   165.0      0.8175E-02
   166.0      0.7958E-02
   167.0      0.7731E-02
   168.0      0.7499E-02
   169.0      0.7265E-02
   170.0      0.7035E-02
   171.0      0.6813E-02
   172.0      0.6603E-02
   173.0      0.6409E-02
   174.0      0.6234E-02
   175.0      0.6082E-02
   176.0      0.5953E-02
   177.0      0.5852E-02
   178.0      0.5778E-02
   179.0      0.5733E-02
   180.0      0.5718E-02
 END
