# 181 angles,  1 tensor ranks for 0=projectile
@subtitle   "46Ar(3He,d)47K - 374 MeV - DWBA post full complex remnant;"                    
@legend ON
@legend x1 0.2
@legend y1 0.8
@g0 type LOGY
@yaxis ticklabel format power
@legend string   0 "Lab energy =  386.0000"
#legend string   0 "Partition=  2 Excit=  3 near/far= 1"
#  Theta       sigma       iT11        T20         T21         T22         Kyy for projectile
   0.000      0.4193    
   1.000      0.4559    
   2.000      0.5597    
   3.000      0.7142    
   4.000      0.8971    
   5.000       1.086    
   6.000       1.266    
   7.000       1.431    
   8.000       1.587    
   9.000       1.750    
   10.00       1.938    
   11.00       2.170    
   12.00       2.453    
   13.00       2.784    
   14.00       3.143    
   15.00       3.501    
   16.00       3.816    
   17.00       4.048    
   18.00       4.162    
   19.00       4.134    
   20.00       3.956    
   21.00       3.639    
   22.00       3.208    
   23.00       2.701    
   24.00       2.163    
   25.00       1.638    
   26.00       1.168    
   27.00      0.7815    
   28.00      0.4974    
   29.00      0.3202    
   30.00      0.2425    
   31.00      0.2472    
   32.00      0.3111    
   33.00      0.4085    
   34.00      0.5149    
   35.00      0.6093    
   36.00      0.6769    
   37.00      0.7092    
   38.00      0.7042    
   39.00      0.6654    
   40.00      0.6004    
   41.00      0.5191    
   42.00      0.4317    
   43.00      0.3478    
   44.00      0.2748    
   45.00      0.2176    
   46.00      0.1782    
   47.00      0.1562    
   48.00      0.1491    
   49.00      0.1529    
   50.00      0.1632    
   51.00      0.1756    
   52.00      0.1863    
   53.00      0.1926    
   54.00      0.1927    
   55.00      0.1865    
   56.00      0.1744    
   57.00      0.1579    
   58.00      0.1389    
   59.00      0.1194    
   60.00      0.1013    
   61.00      0.8610E-01
   62.00      0.7482E-01
   63.00      0.6794E-01
   64.00      0.6539E-01
   65.00      0.6661E-01
   66.00      0.7074E-01
   67.00      0.7668E-01
   68.00      0.8329E-01
   69.00      0.8950E-01
   70.00      0.9442E-01
   71.00      0.9739E-01
   72.00      0.9803E-01
   73.00      0.9625E-01
   74.00      0.9220E-01
   75.00      0.8622E-01
   76.00      0.7882E-01
   77.00      0.7056E-01
   78.00      0.6201E-01
   79.00      0.5372E-01
   80.00      0.4614E-01
   81.00      0.3960E-01
   82.00      0.3434E-01
   83.00      0.3043E-01
   84.00      0.2785E-01
   85.00      0.2650E-01
   86.00      0.2619E-01
   87.00      0.2667E-01
   88.00      0.2771E-01
   89.00      0.2905E-01
   90.00      0.3048E-01
   91.00      0.3179E-01
   92.00      0.3284E-01
   93.00      0.3352E-01
   94.00      0.3379E-01
   95.00      0.3363E-01
   96.00      0.3305E-01
   97.00      0.3210E-01
   98.00      0.3085E-01
   99.00      0.2936E-01
   100.0      0.2773E-01
   101.0      0.2602E-01
   102.0      0.2431E-01
   103.0      0.2265E-01
   104.0      0.2108E-01
   105.0      0.1965E-01
   106.0      0.1838E-01
   107.0      0.1727E-01
   108.0      0.1634E-01
   109.0      0.1558E-01
   110.0      0.1498E-01
   111.0      0.1453E-01
   112.0      0.1420E-01
   113.0      0.1398E-01
   114.0      0.1385E-01
   115.0      0.1378E-01
   116.0      0.1377E-01
   117.0      0.1378E-01
   118.0      0.1381E-01
   119.0      0.1383E-01
   120.0      0.1383E-01
   121.0      0.1380E-01
   122.0      0.1373E-01
   123.0      0.1362E-01
   124.0      0.1345E-01
   125.0      0.1324E-01
   126.0      0.1297E-01
   127.0      0.1266E-01
   128.0      0.1231E-01
   129.0      0.1193E-01
   130.0      0.1153E-01
   131.0      0.1111E-01
   132.0      0.1070E-01
   133.0      0.1029E-01
   134.0      0.9902E-02
   135.0      0.9539E-02
   136.0      0.9209E-02
   137.0      0.8917E-02
   138.0      0.8666E-02
   139.0      0.8460E-02
   140.0      0.8299E-02
   141.0      0.8182E-02
   142.0      0.8107E-02
   143.0      0.8071E-02
   144.0      0.8071E-02
   145.0      0.8101E-02
   146.0      0.8159E-02
   147.0      0.8237E-02
   148.0      0.8330E-02
   149.0      0.8434E-02
   150.0      0.8541E-02
   151.0      0.8647E-02
   152.0      0.8746E-02
   153.0      0.8833E-02
   154.0      0.8904E-02
   155.0      0.8955E-02
   156.0      0.8983E-02
   157.0      0.8984E-02
   158.0      0.8959E-02
   159.0      0.8906E-02
   160.0      0.8825E-02
   161.0      0.8718E-02
   162.0      0.8587E-02
   163.0      0.8433E-02
   164.0      0.8261E-02
   165.0      0.8075E-02
   166.0      0.7877E-02
   167.0      0.7673E-02
   168.0      0.7465E-02
   169.0      0.7259E-02
   170.0      0.7059E-02
   171.0      0.6866E-02
   172.0      0.6686E-02
   173.0      0.6521E-02
   174.0      0.6372E-02
   175.0      0.6243E-02
   176.0      0.6135E-02
   177.0      0.6050E-02
   178.0      0.5988E-02
   179.0      0.5951E-02
   180.0      0.5939E-02
 END
