# 181 angles,  1 tensor ranks for 0=projectile
@subtitle   "46Ar(3He,d)47K - 374 MeV - DWBA post full complex remnant;"                    
@legend ON
@legend x1 0.2
@legend y1 0.8
@g0 type LOGY
@yaxis ticklabel format power
@legend string   0 "Lab energy =  371.0000"
#legend string   0 "Partition=  2 Excit=  3 near/far= 1"
#  Theta       sigma       iT11        T20         T21         T22         Kyy for projectile
   0.000      0.3726    
   1.000      0.4070    
   2.000      0.5048    
   3.000      0.6510    
   4.000      0.8252    
   5.000       1.007    
   6.000       1.181    
   7.000       1.340    
   8.000       1.490    
   9.000       1.644    
   10.00       1.818    
   11.00       2.029    
   12.00       2.288    
   13.00       2.593    
   14.00       2.931    
   15.00       3.275    
   16.00       3.591    
   17.00       3.840    
   18.00       3.989    
   19.00       4.011    
   20.00       3.894    
   21.00       3.641    
   22.00       3.271    
   23.00       2.815    
   24.00       2.312    
   25.00       1.803    
   26.00       1.329    
   27.00      0.9205    
   28.00      0.6008    
   29.00      0.3803    
   30.00      0.2577    
   31.00      0.2220    
   32.00      0.2546    
   33.00      0.3330    
   34.00      0.4337    
   35.00      0.5351    
   36.00      0.6200    
   37.00      0.6764    
   38.00      0.6987    
   39.00      0.6864    
   40.00      0.6439    
   41.00      0.5787    
   42.00      0.4999    
   43.00      0.4169    
   44.00      0.3380    
   45.00      0.2696    
   46.00      0.2159    
   47.00      0.1784    
   48.00      0.1567    
   49.00      0.1483    
   50.00      0.1499    
   51.00      0.1575    
   52.00      0.1672    
   53.00      0.1758    
   54.00      0.1807    
   55.00      0.1806    
   56.00      0.1751    
   57.00      0.1646    
   58.00      0.1503    
   59.00      0.1338    
   60.00      0.1167    
   61.00      0.1007    
   62.00      0.8715E-01
   63.00      0.7694E-01
   64.00      0.7050E-01
   65.00      0.6781E-01
   66.00      0.6846E-01
   67.00      0.7170E-01
   68.00      0.7663E-01
   69.00      0.8223E-01
   70.00      0.8758E-01
   71.00      0.9186E-01
   72.00      0.9446E-01
   73.00      0.9502E-01
   74.00      0.9339E-01
   75.00      0.8968E-01
   76.00      0.8417E-01
   77.00      0.7728E-01
   78.00      0.6950E-01
   79.00      0.6136E-01
   80.00      0.5337E-01
   81.00      0.4595E-01
   82.00      0.3945E-01
   83.00      0.3410E-01
   84.00      0.3004E-01
   85.00      0.2727E-01
   86.00      0.2571E-01
   87.00      0.2522E-01
   88.00      0.2558E-01
   89.00      0.2658E-01
   90.00      0.2796E-01
   91.00      0.2950E-01
   92.00      0.3100E-01
   93.00      0.3229E-01
   94.00      0.3325E-01
   95.00      0.3380E-01
   96.00      0.3390E-01
   97.00      0.3355E-01
   98.00      0.3278E-01
   99.00      0.3165E-01
   100.0      0.3022E-01
   101.0      0.2857E-01
   102.0      0.2678E-01
   103.0      0.2494E-01
   104.0      0.2312E-01
   105.0      0.2136E-01
   106.0      0.1974E-01
   107.0      0.1827E-01
   108.0      0.1699E-01
   109.0      0.1590E-01
   110.0      0.1502E-01
   111.0      0.1434E-01
   112.0      0.1383E-01
   113.0      0.1348E-01
   114.0      0.1328E-01
   115.0      0.1319E-01
   116.0      0.1318E-01
   117.0      0.1324E-01
   118.0      0.1333E-01
   119.0      0.1343E-01
   120.0      0.1352E-01
   121.0      0.1359E-01
   122.0      0.1361E-01
   123.0      0.1358E-01
   124.0      0.1350E-01
   125.0      0.1336E-01
   126.0      0.1316E-01
   127.0      0.1290E-01
   128.0      0.1259E-01
   129.0      0.1225E-01
   130.0      0.1187E-01
   131.0      0.1147E-01
   132.0      0.1106E-01
   133.0      0.1066E-01
   134.0      0.1027E-01
   135.0      0.9892E-02
   136.0      0.9546E-02
   137.0      0.9233E-02
   138.0      0.8959E-02
   139.0      0.8725E-02
   140.0      0.8533E-02
   141.0      0.8384E-02
   142.0      0.8276E-02
   143.0      0.8208E-02
   144.0      0.8177E-02
   145.0      0.8180E-02
   146.0      0.8213E-02
   147.0      0.8271E-02
   148.0      0.8351E-02
   149.0      0.8447E-02
   150.0      0.8553E-02
   151.0      0.8664E-02
   152.0      0.8775E-02
   153.0      0.8879E-02
   154.0      0.8972E-02
   155.0      0.9048E-02
   156.0      0.9103E-02
   157.0      0.9132E-02
   158.0      0.9132E-02
   159.0      0.9101E-02
   160.0      0.9037E-02
   161.0      0.8941E-02
   162.0      0.8814E-02
   163.0      0.8656E-02
   164.0      0.8472E-02
   165.0      0.8265E-02
   166.0      0.8039E-02
   167.0      0.7799E-02
   168.0      0.7550E-02
   169.0      0.7297E-02
   170.0      0.7047E-02
   171.0      0.6804E-02
   172.0      0.6573E-02
   173.0      0.6358E-02
   174.0      0.6163E-02
   175.0      0.5993E-02
   176.0      0.5849E-02
   177.0      0.5735E-02
   178.0      0.5652E-02
   179.0      0.5602E-02
   180.0      0.5585E-02
 END
