# 181 angles,  1 tensor ranks for 0=projectile
@subtitle   "46Ar(3He,d)47K - 374 MeV - DWBA post full complex remnant;"                    
@legend ON
@legend x1 0.2
@legend y1 0.8
@g0 type LOGY
@yaxis ticklabel format power
@legend string   0 "Lab energy =  364.0000"
#legend string   0 "Partition=  2 Excit=  3 near/far= 1"
#  Theta       sigma       iT11        T20         T21         T22         Kyy for projectile
   0.000      0.3517    
   1.000      0.3851    
   2.000      0.4802    
   3.000      0.6226    
   4.000      0.7928    
   5.000      0.9710    
   6.000       1.142    
   7.000       1.300    
   8.000       1.448    
   9.000       1.597    
   10.00       1.765    
   11.00       1.968    
   12.00       2.216    
   13.00       2.509    
   14.00       2.836    
   15.00       3.172    
   16.00       3.485    
   17.00       3.740    
   18.00       3.902    
   19.00       3.945    
   20.00       3.854    
   21.00       3.631    
   22.00       3.291    
   23.00       2.860    
   24.00       2.376    
   25.00       1.878    
   26.00       1.405    
   27.00      0.9901    
   28.00      0.6565    
   29.00      0.4172    
   30.00      0.2740    
   31.00      0.2184    
   32.00      0.2345    
   33.00      0.3014    
   34.00      0.3964    
   35.00      0.4981    
   36.00      0.5885    
   37.00      0.6546    
   38.00      0.6888    
   39.00      0.6890    
   40.00      0.6581    
   41.00      0.6021    
   42.00      0.5295    
   43.00      0.4491    
   44.00      0.3694    
   45.00      0.2974    
   46.00      0.2380    
   47.00      0.1937    
   48.00      0.1650    
   49.00      0.1502    
   50.00      0.1466    
   51.00      0.1507    
   52.00      0.1587    
   53.00      0.1672    
   54.00      0.1735    
   55.00      0.1757    
   56.00      0.1731    
   57.00      0.1655    
   58.00      0.1539    
   59.00      0.1393    
   60.00      0.1235    
   61.00      0.1079    
   62.00      0.9394E-01
   63.00      0.8265E-01
   64.00      0.7469E-01
   65.00      0.7026E-01
   66.00      0.6917E-01
   67.00      0.7088E-01
   68.00      0.7461E-01
   69.00      0.7948E-01
   70.00      0.8456E-01
   71.00      0.8903E-01
   72.00      0.9222E-01
   73.00      0.9363E-01
   74.00      0.9303E-01
   75.00      0.9040E-01
   76.00      0.8588E-01
   77.00      0.7982E-01
   78.00      0.7265E-01
   79.00      0.6485E-01
   80.00      0.5691E-01
   81.00      0.4930E-01
   82.00      0.4239E-01
   83.00      0.3648E-01
   84.00      0.3176E-01
   85.00      0.2830E-01
   86.00      0.2608E-01
   87.00      0.2500E-01
   88.00      0.2490E-01
   89.00      0.2556E-01
   90.00      0.2676E-01
   91.00      0.2827E-01
   92.00      0.2986E-01
   93.00      0.3135E-01
   94.00      0.3259E-01
   95.00      0.3347E-01
   96.00      0.3391E-01
   97.00      0.3389E-01
   98.00      0.3342E-01
   99.00      0.3254E-01
   100.0      0.3129E-01
   101.0      0.2976E-01
   102.0      0.2803E-01
   103.0      0.2617E-01
   104.0      0.2427E-01
   105.0      0.2240E-01
   106.0      0.2063E-01
   107.0      0.1899E-01
   108.0      0.1753E-01
   109.0      0.1627E-01
   110.0      0.1522E-01
   111.0      0.1438E-01
   112.0      0.1375E-01
   113.0      0.1331E-01
   114.0      0.1303E-01
   115.0      0.1288E-01
   116.0      0.1285E-01
   117.0      0.1291E-01
   118.0      0.1301E-01
   119.0      0.1314E-01
   120.0      0.1327E-01
   121.0      0.1339E-01
   122.0      0.1346E-01
   123.0      0.1349E-01
   124.0      0.1346E-01
   125.0      0.1336E-01
   126.0      0.1321E-01
   127.0      0.1299E-01
   128.0      0.1272E-01
   129.0      0.1240E-01
   130.0      0.1205E-01
   131.0      0.1167E-01
   132.0      0.1127E-01
   133.0      0.1088E-01
   134.0      0.1048E-01
   135.0      0.1011E-01
   136.0      0.9757E-02
   137.0      0.9435E-02
   138.0      0.9148E-02
   139.0      0.8898E-02
   140.0      0.8689E-02
   141.0      0.8519E-02
   142.0      0.8390E-02
   143.0      0.8300E-02
   144.0      0.8246E-02
   145.0      0.8227E-02
   146.0      0.8239E-02
   147.0      0.8279E-02
   148.0      0.8342E-02
   149.0      0.8423E-02
   150.0      0.8518E-02
   151.0      0.8622E-02
   152.0      0.8729E-02
   153.0      0.8832E-02
   154.0      0.8928E-02
   155.0      0.9009E-02
   156.0      0.9072E-02
   157.0      0.9111E-02
   158.0      0.9122E-02
   159.0      0.9103E-02
   160.0      0.9052E-02
   161.0      0.8967E-02
   162.0      0.8850E-02
   163.0      0.8701E-02
   164.0      0.8524E-02
   165.0      0.8322E-02
   166.0      0.8098E-02
   167.0      0.7859E-02
   168.0      0.7608E-02
   169.0      0.7353E-02
   170.0      0.7098E-02
   171.0      0.6849E-02
   172.0      0.6612E-02
   173.0      0.6391E-02
   174.0      0.6190E-02
   175.0      0.6013E-02
   176.0      0.5864E-02
   177.0      0.5746E-02
   178.0      0.5660E-02
   179.0      0.5607E-02
   180.0      0.5590E-02
 END
