# 181 angles,  1 tensor ranks for 0=projectile
@subtitle   "46Ar(3He,d)47K - 374 MeV - DWBA post full complex remnant;"                    
@legend ON
@legend x1 0.2
@legend y1 0.8
@g0 type LOGY
@yaxis ticklabel format power
@legend string   0 "Lab energy =  349.0000"
#legend string   0 "Partition=  2 Excit=  3 near/far= 1"
#  Theta       sigma       iT11        T20         T21         T22         Kyy for projectile
   0.000      0.3110    
   1.000      0.3422    
   2.000      0.4313    
   3.000      0.5655    
   4.000      0.7271    
   5.000      0.8980    
   6.000       1.064    
   7.000       1.218    
   8.000       1.361    
   9.000       1.504    
   10.00       1.660    
   11.00       1.846    
   12.00       2.071    
   13.00       2.338    
   14.00       2.640    
   15.00       2.956    
   16.00       3.261    
   17.00       3.521    
   18.00       3.705    
   19.00       3.786    
   20.00       3.748    
   21.00       3.586    
   22.00       3.308    
   23.00       2.935    
   24.00       2.497    
   25.00       2.029    
   26.00       1.568    
   27.00       1.146    
   28.00      0.7895    
   29.00      0.5150    
   30.00      0.3297    
   31.00      0.2311    
   32.00      0.2085    
   33.00      0.2454    
   34.00      0.3219    
   35.00      0.4176    
   36.00      0.5140    
   37.00      0.5958    
   38.00      0.6526    
   39.00      0.6788    
   40.00      0.6736    
   41.00      0.6401    
   42.00      0.5845    
   43.00      0.5143    
   44.00      0.4377    
   45.00      0.3621    
   46.00      0.2936    
   47.00      0.2367    
   48.00      0.1934    
   49.00      0.1643    
   50.00      0.1479    
   51.00      0.1421    
   52.00      0.1436    
   53.00      0.1492    
   54.00      0.1559    
   55.00      0.1614    
   56.00      0.1638    
   57.00      0.1622    
   58.00      0.1566    
   59.00      0.1474    
   60.00      0.1356    
   61.00      0.1224    
   62.00      0.1091    
   63.00      0.9694E-01
   64.00      0.8680E-01
   65.00      0.7931E-01
   66.00      0.7472E-01
   67.00      0.7294E-01
   68.00      0.7359E-01
   69.00      0.7607E-01
   70.00      0.7964E-01
   71.00      0.8355E-01
   72.00      0.8707E-01
   73.00      0.8959E-01
   74.00      0.9067E-01
   75.00      0.9005E-01
   76.00      0.8764E-01
   77.00      0.8356E-01
   78.00      0.7805E-01
   79.00      0.7146E-01
   80.00      0.6421E-01
   81.00      0.5673E-01
   82.00      0.4945E-01
   83.00      0.4272E-01
   84.00      0.3685E-01
   85.00      0.3203E-01
   86.00      0.2838E-01
   87.00      0.2591E-01
   88.00      0.2456E-01
   89.00      0.2420E-01
   90.00      0.2466E-01
   91.00      0.2573E-01
   92.00      0.2719E-01
   93.00      0.2883E-01
   94.00      0.3045E-01
   95.00      0.3188E-01
   96.00      0.3300E-01
   97.00      0.3372E-01
   98.00      0.3398E-01
   99.00      0.3376E-01
   100.0      0.3310E-01
   101.0      0.3202E-01
   102.0      0.3060E-01
   103.0      0.2892E-01
   104.0      0.2704E-01
   105.0      0.2507E-01
   106.0      0.2309E-01
   107.0      0.2115E-01
   108.0      0.1934E-01
   109.0      0.1769E-01
   110.0      0.1624E-01
   111.0      0.1501E-01
   112.0      0.1402E-01
   113.0      0.1326E-01
   114.0      0.1271E-01
   115.0      0.1237E-01
   116.0      0.1219E-01
   117.0      0.1214E-01
   118.0      0.1221E-01
   119.0      0.1235E-01
   120.0      0.1253E-01
   121.0      0.1272E-01
   122.0      0.1290E-01
   123.0      0.1304E-01
   124.0      0.1314E-01
   125.0      0.1318E-01
   126.0      0.1316E-01
   127.0      0.1307E-01
   128.0      0.1291E-01
   129.0      0.1270E-01
   130.0      0.1243E-01
   131.0      0.1213E-01
   132.0      0.1179E-01
   133.0      0.1143E-01
   134.0      0.1107E-01
   135.0      0.1070E-01
   136.0      0.1035E-01
   137.0      0.1001E-01
   138.0      0.9694E-02
   139.0      0.9404E-02
   140.0      0.9145E-02
   141.0      0.8919E-02
   142.0      0.8727E-02
   143.0      0.8570E-02
   144.0      0.8447E-02
   145.0      0.8358E-02
   146.0      0.8301E-02
   147.0      0.8274E-02
   148.0      0.8275E-02
   149.0      0.8301E-02
   150.0      0.8348E-02
   151.0      0.8411E-02
   152.0      0.8487E-02
   153.0      0.8570E-02
   154.0      0.8653E-02
   155.0      0.8733E-02
   156.0      0.8803E-02
   157.0      0.8858E-02
   158.0      0.8893E-02
   159.0      0.8904E-02
   160.0      0.8888E-02
   161.0      0.8843E-02
   162.0      0.8768E-02
   163.0      0.8663E-02
   164.0      0.8531E-02
   165.0      0.8373E-02
   166.0      0.8193E-02
   167.0      0.7995E-02
   168.0      0.7785E-02
   169.0      0.7567E-02
   170.0      0.7347E-02
   171.0      0.7131E-02
   172.0      0.6922E-02
   173.0      0.6727E-02
   174.0      0.6550E-02
   175.0      0.6393E-02
   176.0      0.6261E-02
   177.0      0.6155E-02
   178.0      0.6079E-02
   179.0      0.6032E-02
   180.0      0.6016E-02
 END
