# 181 angles,  1 tensor ranks for 0=projectile
@subtitle   "46Ar(3He,d)47K - 374 MeV - DWBA post full complex remnant;"                    
@legend ON
@legend x1 0.2
@legend y1 0.8
@g0 type LOGY
@yaxis ticklabel format power
@legend string   0 "Lab energy =  356.0000"
#legend string   0 "Partition=  2 Excit=  3 near/far= 1"
#  Theta       sigma       iT11        T20         T21         T22         Kyy for projectile
   0.000      0.3292    
   1.000      0.3614    
   2.000      0.4533    
   3.000      0.5913    
   4.000      0.7570    
   5.000      0.9313    
   6.000       1.100    
   7.000       1.255    
   8.000       1.401    
   9.000       1.546    
   10.00       1.708    
   11.00       1.901    
   12.00       2.137    
   13.00       2.416    
   14.00       2.730    
   15.00       3.056    
   16.00       3.365    
   17.00       3.624    
   18.00       3.799    
   19.00       3.863    
   20.00       3.801    
   21.00       3.611    
   22.00       3.304    
   23.00       2.904    
   24.00       2.444    
   25.00       1.961    
   26.00       1.493    
   27.00       1.072    
   28.00      0.7253    
   29.00      0.4663    
   30.00      0.3001    
   31.00      0.2216    
   32.00      0.2175    
   33.00      0.2692    
   34.00      0.3554    
   35.00      0.4550    
   36.00      0.5497    
   37.00      0.6251    
   38.00      0.6719    
   39.00      0.6863    
   40.00      0.6690    
   41.00      0.6247    
   42.00      0.5605    
   43.00      0.4848    
   44.00      0.4059    
   45.00      0.3313    
   46.00      0.2664    
   47.00      0.2150    
   48.00      0.1783    
   49.00      0.1559    
   50.00      0.1458    
   51.00      0.1449    
   52.00      0.1499    
   53.00      0.1574    
   54.00      0.1643    
   55.00      0.1687    
   56.00      0.1689    
   57.00      0.1647    
   58.00      0.1562    
   59.00      0.1444    
   60.00      0.1305    
   61.00      0.1159    
   62.00      0.1021    
   63.00      0.9003E-01
   64.00      0.8070E-01
   65.00      0.7449E-01
   66.00      0.7145E-01
   67.00      0.7130E-01
   68.00      0.7346E-01
   69.00      0.7717E-01
   70.00      0.8160E-01
   71.00      0.8593E-01
   72.00      0.8945E-01
   73.00      0.9160E-01
   74.00      0.9201E-01
   75.00      0.9051E-01
   76.00      0.8715E-01
   77.00      0.8213E-01
   78.00      0.7579E-01
   79.00      0.6856E-01
   80.00      0.6090E-01
   81.00      0.5327E-01
   82.00      0.4607E-01
   83.00      0.3965E-01
   84.00      0.3426E-01
   85.00      0.3004E-01
   86.00      0.2704E-01
   87.00      0.2523E-01
   88.00      0.2450E-01
   89.00      0.2467E-01
   90.00      0.2553E-01
   91.00      0.2686E-01
   92.00      0.2844E-01
   93.00      0.3007E-01
   94.00      0.3155E-01
   95.00      0.3276E-01
   96.00      0.3358E-01
   97.00      0.3396E-01
   98.00      0.3387E-01
   99.00      0.3333E-01
   100.0      0.3236E-01
   101.0      0.3104E-01
   102.0      0.2944E-01
   103.0      0.2764E-01
   104.0      0.2572E-01
   105.0      0.2376E-01
   106.0      0.2185E-01
   107.0      0.2004E-01
   108.0      0.1838E-01
   109.0      0.1691E-01
   110.0      0.1565E-01
   111.0      0.1461E-01
   112.0      0.1380E-01
   113.0      0.1321E-01
   114.0      0.1280E-01
   115.0      0.1257E-01
   116.0      0.1248E-01
   117.0      0.1250E-01
   118.0      0.1260E-01
   119.0      0.1274E-01
   120.0      0.1291E-01
   121.0      0.1307E-01
   122.0      0.1320E-01
   123.0      0.1330E-01
   124.0      0.1333E-01
   125.0      0.1331E-01
   126.0      0.1321E-01
   127.0      0.1306E-01
   128.0      0.1284E-01
   129.0      0.1257E-01
   130.0      0.1226E-01
   131.0      0.1191E-01
   132.0      0.1154E-01
   133.0      0.1116E-01
   134.0      0.1078E-01
   135.0      0.1040E-01
   136.0      0.1005E-01
   137.0      0.9717E-02
   138.0      0.9414E-02
   139.0      0.9144E-02
   140.0      0.8909E-02
   141.0      0.8712E-02
   142.0      0.8552E-02
   143.0      0.8430E-02
   144.0      0.8343E-02
   145.0      0.8291E-02
   146.0      0.8271E-02
   147.0      0.8279E-02
   148.0      0.8314E-02
   149.0      0.8370E-02
   150.0      0.8444E-02
   151.0      0.8530E-02
   152.0      0.8624E-02
   153.0      0.8720E-02
   154.0      0.8812E-02
   155.0      0.8895E-02
   156.0      0.8963E-02
   157.0      0.9011E-02
   158.0      0.9035E-02
   159.0      0.9031E-02
   160.0      0.8997E-02
   161.0      0.8931E-02
   162.0      0.8833E-02
   163.0      0.8704E-02
   164.0      0.8545E-02
   165.0      0.8361E-02
   166.0      0.8154E-02
   167.0      0.7930E-02
   168.0      0.7694E-02
   169.0      0.7451E-02
   170.0      0.7207E-02
   171.0      0.6968E-02
   172.0      0.6739E-02
   173.0      0.6525E-02
   174.0      0.6330E-02
   175.0      0.6159E-02
   176.0      0.6014E-02
   177.0      0.5898E-02
   178.0      0.5814E-02
   179.0      0.5763E-02
   180.0      0.5746E-02
 END
