# 181 angles,  1 tensor ranks for 0=projectile
@subtitle   "46Ar(3He,d)47K - 374 MeV - DWBA post full complex remnant;"                    
@legend ON
@legend x1 0.2
@legend y1 0.8
@g0 type LOGY
@yaxis ticklabel format power
@legend string   0 "Lab energy =  341.0000"
#legend string   0 "Partition=  2 Excit=  3 near/far= 1"
#  Theta       sigma       iT11        T20         T21         T22         Kyy for projectile
   0.000      0.2925    
   1.000      0.3226    
   2.000      0.4084    
   3.000      0.5381    
   4.000      0.6950    
   5.000      0.8618    
   6.000       1.025    
   7.000       1.176    
   8.000       1.318    
   9.000       1.458    
   10.00       1.609    
   11.00       1.786    
   12.00       1.999    
   13.00       2.253    
   14.00       2.540    
   15.00       2.845    
   16.00       3.142    
   17.00       3.402    
   18.00       3.594    
   19.00       3.692    
   20.00       3.679    
   21.00       3.547    
   22.00       3.302    
   23.00       2.961    
   24.00       2.551    
   25.00       2.103    
   26.00       1.653    
   27.00       1.232    
   28.00      0.8668    
   29.00      0.5767    
   30.00      0.3710    
   31.00      0.2499    
   32.00      0.2056    
   33.00      0.2242    
   34.00      0.2875    
   35.00      0.3764    
   36.00      0.4722    
   37.00      0.5592    
   38.00      0.6257    
   39.00      0.6644    
   40.00      0.6729    
   41.00      0.6524    
   42.00      0.6077    
   43.00      0.5453    
   44.00      0.4729    
   45.00      0.3979    
   46.00      0.3268    
   47.00      0.2646    
   48.00      0.2144    
   49.00      0.1777    
   50.00      0.1540    
   51.00      0.1417    
   52.00      0.1383    
   53.00      0.1409    
   54.00      0.1464    
   55.00      0.1522    
   56.00      0.1564    
   57.00      0.1575    
   58.00      0.1550    
   59.00      0.1489    
   60.00      0.1398    
   61.00      0.1287    
   62.00      0.1167    
   63.00      0.1049    
   64.00      0.9441E-01
   65.00      0.8587E-01
   66.00      0.7977E-01
   67.00      0.7625E-01
   68.00      0.7515E-01
   69.00      0.7606E-01
   70.00      0.7839E-01
   71.00      0.8148E-01
   72.00      0.8465E-01
   73.00      0.8727E-01
   74.00      0.8884E-01
   75.00      0.8900E-01
   76.00      0.8756E-01
   77.00      0.8451E-01
   78.00      0.7999E-01
   79.00      0.7424E-01
   80.00      0.6762E-01
   81.00      0.6052E-01
   82.00      0.5333E-01
   83.00      0.4645E-01
   84.00      0.4018E-01
   85.00      0.3480E-01
   86.00      0.3046E-01
   87.00      0.2725E-01
   88.00      0.2517E-01
   89.00      0.2414E-01
   90.00      0.2404E-01
   91.00      0.2468E-01
   92.00      0.2586E-01
   93.00      0.2739E-01
   94.00      0.2904E-01
   95.00      0.3064E-01
   96.00      0.3203E-01
   97.00      0.3309E-01
   98.00      0.3374E-01
   99.00      0.3393E-01
   100.0      0.3365E-01
   101.0      0.3292E-01
   102.0      0.3178E-01
   103.0      0.3030E-01
   104.0      0.2857E-01
   105.0      0.2665E-01
   106.0      0.2464E-01
   107.0      0.2263E-01
   108.0      0.2067E-01
   109.0      0.1884E-01
   110.0      0.1719E-01
   111.0      0.1574E-01
   112.0      0.1452E-01
   113.0      0.1354E-01
   114.0      0.1280E-01
   115.0      0.1227E-01
   116.0      0.1195E-01
   117.0      0.1179E-01
   118.0      0.1178E-01
   119.0      0.1187E-01
   120.0      0.1203E-01
   121.0      0.1224E-01
   122.0      0.1245E-01
   123.0      0.1265E-01
   124.0      0.1282E-01
   125.0      0.1294E-01
   126.0      0.1300E-01
   127.0      0.1299E-01
   128.0      0.1292E-01
   129.0      0.1279E-01
   130.0      0.1260E-01
   131.0      0.1236E-01
   132.0      0.1208E-01
   133.0      0.1176E-01
   134.0      0.1143E-01
   135.0      0.1109E-01
   136.0      0.1074E-01
   137.0      0.1040E-01
   138.0      0.1007E-01
   139.0      0.9758E-02
   140.0      0.9469E-02
   141.0      0.9207E-02
   142.0      0.8973E-02
   143.0      0.8769E-02
   144.0      0.8596E-02
   145.0      0.8456E-02
   146.0      0.8348E-02
   147.0      0.8271E-02
   148.0      0.8223E-02
   149.0      0.8204E-02
   150.0      0.8211E-02
   151.0      0.8239E-02
   152.0      0.8285E-02
   153.0      0.8345E-02
   154.0      0.8413E-02
   155.0      0.8483E-02
   156.0      0.8551E-02
   157.0      0.8611E-02
   158.0      0.8657E-02
   159.0      0.8686E-02
   160.0      0.8694E-02
   161.0      0.8677E-02
   162.0      0.8635E-02
   163.0      0.8568E-02
   164.0      0.8475E-02
   165.0      0.8359E-02
   166.0      0.8222E-02
   167.0      0.8069E-02
   168.0      0.7904E-02
   169.0      0.7730E-02
   170.0      0.7553E-02
   171.0      0.7378E-02
   172.0      0.7209E-02
   173.0      0.7049E-02
   174.0      0.6904E-02
   175.0      0.6776E-02
   176.0      0.6668E-02
   177.0      0.6581E-02
   178.0      0.6519E-02
   179.0      0.6480E-02
   180.0      0.6468E-02
 END
