# 181 angles,  1 tensor ranks for 0=projectile
@subtitle   "46Ar(3He,d)47K - 374 MeV - DWBA post full complex remnant;"                    
@legend ON
@legend x1 0.2
@legend y1 0.8
@g0 type LOGY
@yaxis ticklabel format power
@legend string   0 "Lab energy =  336.0000"
#legend string   0 "Partition=  2 Excit=  3 near/far= 1"
#  Theta       sigma       iT11        T20         T21         T22         Kyy for projectile
   0.000      0.2826    
   1.000      0.3119    
   2.000      0.3957    
   3.000      0.5225    
   4.000      0.6764    
   5.000      0.8406    
   6.000       1.001    
   7.000       1.152    
   8.000       1.292    
   9.000       1.430    
   10.00       1.578    
   11.00       1.750    
   12.00       1.957    
   13.00       2.201    
   14.00       2.480    
   15.00       2.776    
   16.00       3.068    
   17.00       3.327    
   18.00       3.523    
   19.00       3.631    
   20.00       3.632    
   21.00       3.518    
   22.00       3.293    
   23.00       2.973    
   24.00       2.580    
   25.00       2.146    
   26.00       1.704    
   27.00       1.285    
   28.00      0.9168    
   29.00      0.6184    
   30.00      0.4008    
   31.00      0.2660    
   32.00      0.2081    
   33.00      0.2145    
   34.00      0.2686    
   35.00      0.3519    
   36.00      0.4460    
   37.00      0.5351    
   38.00      0.6066    
   39.00      0.6526    
   40.00      0.6693    
   41.00      0.6570    
   42.00      0.6196    
   43.00      0.5628    
   44.00      0.4939    
   45.00      0.4202    
   46.00      0.3482    
   47.00      0.2834    
   48.00      0.2295    
   49.00      0.1882    
   50.00      0.1599    
   51.00      0.1433    
   52.00      0.1365    
   53.00      0.1365    
   54.00      0.1407    
   55.00      0.1463    
   56.00      0.1511    
   57.00      0.1536    
   58.00      0.1529    
   59.00      0.1487    
   60.00      0.1415    
   61.00      0.1319    
   62.00      0.1210    
   63.00      0.1098    
   64.00      0.9931E-01
   65.00      0.9038E-01
   66.00      0.8355E-01
   67.00      0.7906E-01
   68.00      0.7690E-01
   69.00      0.7678E-01
   70.00      0.7823E-01
   71.00      0.8066E-01
   72.00      0.8343E-01
   73.00      0.8592E-01
   74.00      0.8763E-01
   75.00      0.8814E-01
   76.00      0.8720E-01
   77.00      0.8475E-01
   78.00      0.8083E-01
   79.00      0.7565E-01
   80.00      0.6949E-01
   81.00      0.6271E-01
   82.00      0.5570E-01
   83.00      0.4882E-01
   84.00      0.4241E-01
   85.00      0.3674E-01
   86.00      0.3203E-01
   87.00      0.2839E-01
   88.00      0.2585E-01
   89.00      0.2439E-01
   90.00      0.2389E-01
   91.00      0.2420E-01
   92.00      0.2515E-01
   93.00      0.2653E-01
   94.00      0.2813E-01
   95.00      0.2978E-01
   96.00      0.3129E-01
   97.00      0.3253E-01
   98.00      0.3341E-01
   99.00      0.3384E-01
   100.0      0.3381E-01
   101.0      0.3332E-01
   102.0      0.3240E-01
   103.0      0.3109E-01
   104.0      0.2948E-01
   105.0      0.2765E-01
   106.0      0.2567E-01
   107.0      0.2364E-01
   108.0      0.2163E-01
   109.0      0.1971E-01
   110.0      0.1793E-01
   111.0      0.1635E-01
   112.0      0.1499E-01
   113.0      0.1386E-01
   114.0      0.1297E-01
   115.0      0.1232E-01
   116.0      0.1188E-01
   117.0      0.1163E-01
   118.0      0.1154E-01
   119.0      0.1158E-01
   120.0      0.1172E-01
   121.0      0.1191E-01
   122.0      0.1213E-01
   123.0      0.1235E-01
   124.0      0.1256E-01
   125.0      0.1272E-01
   126.0      0.1284E-01
   127.0      0.1289E-01
   128.0      0.1288E-01
   129.0      0.1280E-01
   130.0      0.1267E-01
   131.0      0.1248E-01
   132.0      0.1224E-01
   133.0      0.1197E-01
   134.0      0.1166E-01
   135.0      0.1134E-01
   136.0      0.1100E-01
   137.0      0.1067E-01
   138.0      0.1033E-01
   139.0      0.1001E-01
   140.0      0.9703E-02
   141.0      0.9417E-02
   142.0      0.9154E-02
   143.0      0.8919E-02
   144.0      0.8712E-02
   145.0      0.8535E-02
   146.0      0.8390E-02
   147.0      0.8276E-02
   148.0      0.8193E-02
   149.0      0.8141E-02
   150.0      0.8116E-02
   151.0      0.8117E-02
   152.0      0.8140E-02
   153.0      0.8181E-02
   154.0      0.8235E-02
   155.0      0.8297E-02
   156.0      0.8361E-02
   157.0      0.8422E-02
   158.0      0.8474E-02
   159.0      0.8514E-02
   160.0      0.8538E-02
   161.0      0.8541E-02
   162.0      0.8523E-02
   163.0      0.8482E-02
   164.0      0.8419E-02
   165.0      0.8334E-02
   166.0      0.8231E-02
   167.0      0.8113E-02
   168.0      0.7982E-02
   169.0      0.7844E-02
   170.0      0.7702E-02
   171.0      0.7560E-02
   172.0      0.7422E-02
   173.0      0.7293E-02
   174.0      0.7174E-02
   175.0      0.7070E-02
   176.0      0.6981E-02
   177.0      0.6911E-02
   178.0      0.6859E-02
   179.0      0.6828E-02
   180.0      0.6818E-02
 END
